37.875
32.94381332397461
24.707340240478516
25.893917083740234
32.25266647338867
18.63967514038086
25.228527069091797
28.483463287353516
31.86703872680664
20.648067474365234
52.28216552734375
31.67679214477539
27.37405014038086
30.666418075561523
30.53897476196289
26.804935455322266
29.306703567504883
34.119239807128906
34.04645538330078
30.11757469177246
18.951934814453125
39.396358489990234
39.756187438964844
30.575166702270508
21.790420532226562
26.284265518188477
29.773639678955078
33.494789123535156
35.382198333740234
31.94685173034668
44.70410919189453
30.00857925415039
28.287216186523438
25.80868148803711
21.858505249023438
22.981430053710938
31.318992614746094
22.046140670776367
26.902965545654297
19.131248474121094
20.10495376586914
25.843032836914062
25.172931671142578
15.402077674865723
18.097698211669922
26.80156707763672
16.93265151977539
25.624828338623047
15.967552185058594
20.011140823364258
16.48154640197754
15.792906761169434
24.280710220336914
28.581314086914062
25.00074005126953
17.94949722290039
24.98145294189453
20.701826095581055
20.319982528686523
19.64691925048828
26.4726619720459
20.234405517578125
15.754776000976562
25.16248321533203
18.0826473236084
24.029922485351562
45.32478713989258
27.35293960571289
15.477632522583008
19.910213470458984
32.87151336669922
27.171722412109375
35.22761917114258
26.313030242919922
24.581256866455078
22.468826293945312
40.884765625
37.174102783203125
31.386558532714844
16.511417388916016
28.812992095947266
42.45123291015625
23.708253860473633
22.620906829833984
24.859642028808594
17.518169403076172
20.42523193359375
18.09157943725586
26.773113250732422
36.20265197753906
20.09674835205078
17.91568374633789
28.022560119628906
20.621990203857422
17.150806427001953
23.324460983276367
20.144657135009766
21.984724044799805
19.542804718017578
17.376953125
16.700946807861328
10.385464668273926
24.93297004699707
15.326902389526367
19.3544979095459
26.252777099609375
18.442537307739258
22.512514114379883
18.61208724975586
16.016761779785156
20.38520622253418
18.317617416381836
24.162248611450195
35.78620147705078
27.271638870239258
21.987150192260742
16.218658447265625
26.792404174804688
22.35691261291504
15.841299057006836
18.09986686706543
29.179780960083008
40.85540008544922
41.862396240234375
26.17953872680664
23.199913024902344
25.823009490966797
32.5809440612793
26.172025680541992
38.41620635986328
25.186769485473633
16.855377197265625
14.754420280456543
26.853622436523438
24.25014877319336
22.65106201171875
22.27733039855957
34.938438415527344
20.790748596191406
12.505678176879883
14.418615341186523
29.240957260131836
23.54265594482422
17.875457763671875
21.68524932861328
23.923782348632812
22.69272232055664
15.124083518981934
25.55896759033203
25.92742919921875
18.284839630126953
24.293231964111328
17.920398712158203
17.74127769470215
19.681642532348633
18.406497955322266
21.471296310424805
17.18161392211914
14.15774154663086
16.388887405395508
14.937228202819824
18.855051040649414
22.78665542602539
14.58548641204834
21.08894920349121
17.256046295166016
20.801359176635742
13.974977493286133
19.89006805419922
17.974884033203125
13.746030807495117
15.277657508850098
13.038007736206055
17.744670867919922
11.831911087036133
11.832052230834961
16.603805541992188
12.904831886291504
10.183406829833984
17.862985610961914
26.480791091918945
8.983419418334961
17.386844635009766
12.212173461914062
18.30225372314453
26.28457260131836
13.175773620605469
17.40696907043457
25.970458984375
29.519577026367188
20.17380142211914
44.711036682128906
24.364370346069336
22.82649803161621
11.865838050842285
17.889713287353516
24.544153213500977
17.183712005615234
16.0332088470459
21.54288101196289
14.347023010253906
20.739219665527344
15.403953552246094
9.19513988494873
17.172388076782227
16.68794822692871
16.492834091186523
12.938051223754883
16.03375816345215
14.884642601013184
14.224065780639648
17.542598724365234
11.352840423583984
14.220208168029785
13.708425521850586
11.297891616821289
12.24775218963623
15.932587623596191
15.105511665344238
11.461219787597656
16.686437606811523
12.47761344909668
14.851419448852539
11.01467514038086
23.699359893798828
30.193614959716797
18.240089416503906
11.13560962677002
17.84829330444336
15.697044372558594
11.001830101013184
15.886795043945312
17.35519790649414
19.966053009033203
15.659796714782715
12.610551834106445
15.909189224243164
22.581562042236328
12.652711868286133
8.776365280151367
16.181198120117188
11.40357780456543
10.114269256591797
10.669539451599121
18.14588737487793
20.525833129882812
11.97332763671875
26.42530059814453
15.461324691772461
18.01862335205078
24.009639739990234
28.627260208129883
12.906611442565918
16.473588943481445
14.279800415039062
10.432461738586426
22.57796859741211
16.63037872314453
13.407770156860352
10.455601692199707
10.689216613769531
11.948250770568848
20.2054443359375
10.47463607788086
18.370336532592773
29.826318740844727
27.13210678100586
16.15652084350586
14.921914100646973
12.624641418457031
16.593006134033203
22.757366180419922
18.009109497070312
10.129512786865234
11.89737319946289
18.671588897705078
15.595414161682129
13.329011917114258
16.212987899780273
16.507081985473633
11.74125862121582
12.342561721801758
18.83019256591797
12.796037673950195
18.13719367980957
7.671121120452881
17.998804092407227
10.592765808105469
8.998090744018555
16.894418716430664
16.604755401611328
11.871894836425781
7.208251953125
10.836071014404297
25.61705780029297
12.94140338897705
21.83816146850586
20.36935043334961
12.116321563720703
12.36109447479248
11.384298324584961
14.943361282348633
13.677583694458008
10.639644622802734
9.250511169433594
7.613714218139648
14.106046676635742
15.271970748901367
12.321975708007812
15.729307174682617
14.867239952087402
10.847010612487793
10.281057357788086
20.8037166595459
16.5516300201416
21.900972366333008
15.573360443115234
11.849933624267578
18.46656036376953
23.872283935546875
25.808916091918945
15.13611888885498
23.506168365478516
22.7255916595459
21.892290115356445
15.95145320892334
14.313838958740234
21.55162239074707
30.928569793701172
22.599056243896484
14.348217010498047
16.275842666625977
11.696473121643066
16.089330673217773
13.92108154296875
8.482637405395508
11.701141357421875
11.487666130065918
15.3425874710083
11.183462142944336
11.156011581420898
16.065933227539062
13.712926864624023
13.905879974365234
20.04337501525879
8.299997329711914
11.669991493225098
19.35186004638672
13.998851776123047
10.07938003540039
18.89664077758789
12.267577171325684
12.537418365478516
6.5776872634887695
10.397966384887695
12.64460563659668
14.846765518188477
10.467300415039062
13.71873664855957
9.633031845092773
10.292646408081055
16.255828857421875
11.437013626098633
7.533043384552002
15.735971450805664
12.10084342956543
16.60660171508789
12.374881744384766
11.282320022583008
12.221147537231445
10.392853736877441
8.556272506713867
12.386177062988281
7.098204612731934
9.409658432006836
10.264985084533691
8.970911026000977
12.328813552856445
9.394807815551758
8.012707710266113
9.081871032714844
9.405482292175293
10.638313293457031
7.880603790283203
12.482049942016602
11.001703262329102
11.585677146911621
10.461645126342773
19.178260803222656
13.206178665161133
14.12216567993164
12.439485549926758
10.816915512084961
13.245208740234375
13.722302436828613
18.790943145751953
18.213228225708008
12.706335067749023
11.901763916015625
10.132625579833984
11.73287296295166
9.340849876403809
8.494397163391113
8.770668029785156
15.863720893859863
8.417048454284668
13.079085350036621
10.049467086791992
7.897222518920898
10.898978233337402
10.313036918640137
12.407623291015625
10.387809753417969
13.330171585083008
11.892374992370605
6.803943634033203
9.811304092407227
9.623018264770508
10.202393531799316
10.539297103881836
11.493931770324707
14.067611694335938
10.292465209960938
13.458170890808105
9.361205101013184
16.598297119140625
8.969564437866211
6.946000099182129
25.02117156982422
14.632989883422852
15.503238677978516
13.628969192504883
7.842014789581299
18.481056213378906
11.311590194702148
8.953117370605469
19.32986068725586
15.829524993896484
8.277278900146484
17.7359561920166
10.748196601867676
10.790506362915039
11.157751083374023
11.621443748474121
11.163215637207031
11.986265182495117
11.322721481323242
10.58592414855957
13.03831672668457
11.672470092773438
11.434385299682617
7.171602725982666
6.850288391113281
10.754155158996582
6.750548362731934
11.930280685424805
10.455612182617188
8.92266845703125
13.489079475402832
11.920612335205078
13.111188888549805
17.266254425048828
9.370796203613281
10.951703071594238
14.616188049316406
11.034477233886719
10.646275520324707
12.027542114257812
8.405502319335938
10.734782218933105
7.765787124633789
9.794612884521484
6.555686950683594
7.599647521972656
14.026371002197266
8.996480941772461
7.157106876373291
16.15778350830078
12.794435501098633
6.802862167358398
8.597814559936523
8.59130859375
22.28045082092285
7.142024040222168
6.787467956542969
11.963735580444336
9.731847763061523
7.102959632873535
7.549956321716309
14.77121353149414
9.926172256469727
11.241863250732422
9.744758605957031
14.21992301940918
8.81859016418457
14.719477653503418
14.383699417114258
10.037895202636719
9.50828742980957
13.058042526245117
8.891175270080566
12.85319709777832
9.271164894104004
10.523089408874512
12.090295791625977
8.304439544677734
8.982101440429688
18.5107421875
9.551055908203125
8.207735061645508
6.445102214813232
9.599390029907227
9.002302169799805
18.350692749023438
10.711834907531738
10.812162399291992
20.24736785888672
17.291887283325195
14.17249584197998
13.301947593688965
10.119117736816406
8.87331771850586
7.551372528076172
21.615360260009766
20.75664520263672
8.57448673248291
15.436814308166504
15.74775505065918
9.240922927856445
19.152698516845703
6.894404888153076
8.877147674560547
9.300644874572754
20.779367446899414
9.817015647888184
6.539718151092529
6.962335586547852
8.792859077453613
15.453304290771484
13.291410446166992
7.218058109283447
6.1946821212768555
9.477663040161133
8.963424682617188
7.899874687194824
16.931331634521484
12.03471851348877
13.084924697875977
8.704593658447266
17.552715301513672
15.369166374206543
9.937506675720215
12.010174751281738
12.66574764251709
20.369190216064453
16.215389251708984
13.541313171386719
16.17184066772461
10.727991104125977
15.425673484802246
13.45064640045166
7.212967872619629
9.39142894744873
9.853902816772461
12.332921981811523
16.429555892944336
19.91274642944336
17.508590698242188
11.626279830932617
8.685016632080078
26.19408416748047
15.3764009475708
8.602947235107422
6.853809833526611
14.444324493408203
11.636495590209961
9.44217300415039
7.892522811889648
10.53911304473877
7.320644378662109
9.153621673583984
8.901605606079102
13.14824104309082
6.815716743469238
14.012353897094727
17.167560577392578
19.47543716430664
9.226627349853516
10.504522323608398
12.610289573669434
13.532636642456055
7.868241310119629
16.987075805664062
13.326735496520996
9.350320816040039
15.564067840576172
11.380584716796875
19.570188522338867
11.50033187866211
14.149557113647461
10.963017463684082
10.740253448486328
19.908565521240234
12.25865650177002
13.373346328735352
7.224984169006348
20.838035583496094
10.59496784210205
12.800405502319336
5.728570461273193
6.509979248046875
22.491182327270508
7.561801910400391
10.126285552978516
8.61712646484375
10.429220199584961
13.493978500366211
15.963303565979004
8.761556625366211
12.743284225463867
15.47216510772705
8.952099800109863
10.518620491027832
10.452863693237305
7.448419570922852
10.920909881591797
14.019035339355469
8.303709030151367
10.782560348510742
10.073346138000488
12.997930526733398
12.609756469726562
7.555595874786377
16.31601333618164
15.979515075683594
21.38822364807129
13.814079284667969
14.69992733001709
8.853053092956543
10.949262619018555
11.945856094360352
14.651124954223633
11.206656455993652
14.094759941101074
15.164328575134277
12.726780891418457
17.304096221923828
10.040756225585938
9.138534545898438
16.85222053527832
8.747312545776367
9.251315116882324
14.010841369628906
7.4330854415893555
7.820573806762695
8.63640308380127
7.79581356048584
9.824069023132324
7.113290786743164
4.9220757484436035
7.6278886795043945
7.844052314758301
9.516061782836914
23.66432762145996
8.590507507324219
9.32196044921875
5.911751747131348
12.466053009033203
15.42344856262207
15.074396133422852
5.351092338562012
6.158106803894043
12.02805233001709
14.358039855957031
5.746155738830566
6.255388259887695
14.707698822021484
6.881488800048828
6.522494316101074
8.011756896972656
9.222744941711426
4.569433212280273
10.217915534973145
6.261353492736816
17.671592712402344
8.365726470947266
16.696311950683594
17.741138458251953
4.7184672355651855
11.8777494430542
11.863350868225098
10.0051851272583
5.851297855377197
5.012353420257568
6.253188133239746
8.292497634887695
13.34723949432373
7.264623641967773
13.139750480651855
13.995887756347656
7.550319671630859
10.717704772949219
7.785637378692627
11.599993705749512
8.00262451171875
11.262983322143555
11.54945182800293
7.186912536621094
9.114493370056152
14.454669952392578
8.285447120666504
9.033456802368164
8.523002624511719
11.672940254211426
12.154644012451172
7.648867607116699
10.690424919128418
8.64164924621582
8.755648612976074
8.921087265014648
10.68240737915039
12.038938522338867
11.741537094116211
4.533169746398926
7.768106460571289
5.311020851135254
6.430706024169922
6.117868900299072
7.327301025390625
8.531526565551758
9.382654190063477
5.98354434967041
6.764969348907471
5.553435802459717
16.844104766845703
19.215940475463867
8.986479759216309
10.252385139465332
9.309456825256348
8.897845268249512
5.227475166320801
13.569744110107422
14.184295654296875
6.804433822631836
8.748661994934082
7.051734447479248
10.605380058288574
6.223688125610352
7.894933223724365
16.7313289642334
5.381234645843506
6.108333110809326
7.52760648727417
10.31788158416748
10.181394577026367
6.95598840713501
10.41718578338623
17.112064361572266
7.855820178985596
10.245651245117188
11.360368728637695
6.612579822540283
10.618444442749023
10.166940689086914
5.715937614440918
6.487661361694336
14.283787727355957
8.689528465270996
7.158323287963867
9.432517051696777
9.308805465698242
9.497459411621094
7.221758842468262
9.655462265014648
7.773977756500244
10.467700958251953
5.5011091232299805
6.928101539611816
6.961824417114258
9.155834197998047
7.703802108764648
5.666810035705566
9.666825294494629
4.209111213684082
5.980715751647949
5.353054523468018
7.293420791625977
7.072336673736572
7.096370697021484
17.12537956237793
6.099277973175049
9.559618949890137
8.217198371887207
9.747194290161133
7.277667045593262
6.07893180847168
5.749203681945801
10.672500610351562
9.386363983154297
11.03689956665039
8.426015853881836
8.23780632019043
7.148174285888672
9.983806610107422
9.022059440612793
7.259725093841553
10.376623153686523
7.801804542541504
18.965831756591797
9.486505508422852
8.726203918457031
12.315309524536133
5.79119873046875
6.721137523651123
5.802343368530273
5.1295576095581055
7.594513416290283
5.691895008087158
7.2504987716674805
8.176939964294434
6.766732215881348
7.5653510093688965
8.182820320129395
7.407365798950195
6.118961334228516
4.9053239822387695
9.310623168945312
15.104238510131836
5.870120048522949
8.108638763427734
13.518789291381836
11.077858924865723
5.41769552230835
6.824660301208496
11.627485275268555
3.9410667419433594
7.660030364990234
12.05624008178711
6.058011054992676
8.189823150634766
17.36307144165039
7.783692359924316
6.902064323425293
9.761491775512695
13.897143363952637
5.359462738037109
6.521913051605225
5.5420074462890625
4.917168617248535
6.254848480224609
3.420607089996338
4.9424333572387695
4.599374771118164
4.43235969543457
5.478137969970703
8.181516647338867
7.095012664794922
5.012580871582031
6.7554826736450195
6.929773330688477
5.914214134216309
7.949850082397461
10.11609935760498
7.614119529724121
15.880097389221191
13.742813110351562
8.560007095336914
7.333739280700684
5.280754566192627
8.81550407409668
7.393990516662598
5.4999871253967285
10.368812561035156
9.362722396850586
8.67782974243164
4.8807549476623535
11.434659957885742
9.028910636901855
6.754480361938477
8.075484275817871
6.53856086730957
5.7526702880859375
7.624612331390381
9.693052291870117
6.5860490798950195
6.858654975891113
8.059808731079102
7.528498649597168
19.829538345336914
9.116943359375
9.65378189086914
6.904262065887451
8.702859878540039
8.747514724731445
11.106836318969727
4.350172996520996
9.642810821533203
7.8872575759887695
6.73397159576416
10.350301742553711
5.172212600708008
5.546943664550781
6.220104694366455
12.404080390930176
7.801731109619141
18.566482543945312
13.738811492919922
5.264214992523193
8.606788635253906
7.304093837738037
16.68100357055664
15.984159469604492
6.597487926483154
14.931840896606445
15.52787971496582
5.225966453552246
13.601076126098633
14.059751510620117
14.432112693786621
6.755402565002441
15.283004760742188
15.790112495422363
7.80899715423584
15.388147354125977
14.537961959838867
18.830753326416016
8.649215698242188
10.947837829589844
8.837801933288574
6.025951385498047
13.013614654541016
11.58835220336914
7.172072410583496
6.5770087242126465
10.095807075500488
11.933439254760742
12.954912185668945
8.022415161132812
7.048122882843018
18.658973693847656
7.6723222732543945
8.557418823242188
9.744962692260742
11.468605041503906
9.36630630493164
5.869534969329834
5.433019638061523
11.462284088134766
9.313848495483398
9.165748596191406
8.66979694366455
5.208745956420898
7.884260654449463
7.000998497009277
10.641801834106445
7.3553009033203125
6.989821434020996
7.000994682312012
10.981313705444336
7.379162311553955
4.071019172668457
7.987061023712158
12.174630165100098
10.82551383972168
13.273292541503906
7.938483715057373
9.859500885009766
7.600932598114014
6.166936874389648
6.625391960144043
7.6933088302612305
7.862066745758057
4.698757171630859
9.923141479492188
11.087373733520508
5.751815319061279
5.76036262512207
9.260533332824707
7.672940254211426
5.160182952880859
6.95549201965332
6.061856269836426
11.049108505249023
11.759763717651367
9.023551940917969
7.066499710083008
4.739765167236328
17.127071380615234
14.248747825622559
6.737775802612305
6.490596771240234
12.540780067443848
8.022815704345703
5.122410297393799
10.347389221191406
20.642616271972656
4.634262561798096
15.081697463989258
12.250972747802734
17.654048919677734
10.154815673828125
5.469945430755615
6.905291557312012
8.038213729858398
8.603498458862305
11.900636672973633
11.501246452331543
3.3834176063537598
6.339162826538086
5.875731468200684
10.96733283996582
8.780660629272461
9.839584350585938
4.361739158630371
7.598520278930664
7.622718811035156
5.459142684936523
6.862340927124023
9.365772247314453
10.147575378417969
17.44428825378418
9.365217208862305
10.628096580505371
6.202317237854004
6.104434967041016
9.61012077331543
5.748746871948242
8.963934898376465
4.603789329528809
6.848954677581787
6.086789131164551
6.327671527862549
6.468465805053711
9.394603729248047
6.960251331329346
7.517006874084473
11.465871810913086
6.904088973999023
8.500024795532227
13.438316345214844
12.305503845214844
12.437286376953125
6.739290714263916
7.158024787902832
7.347436904907227
4.697683334350586
4.900149822235107
4.729607582092285
6.200751304626465
5.395379066467285
3.878878116607666
10.561223983764648
5.2518463134765625
13.591941833496094
9.365360260009766
9.181257247924805
8.910724639892578
4.117567539215088
8.640111923217773
9.05106258392334
5.820259094238281
7.238228797912598
4.4409379959106445
7.725865364074707
7.852799415588379
5.083940505981445
6.036165237426758
5.208044528961182
6.911842346191406
7.912043571472168
5.667131423950195
5.61945915222168
6.130570888519287
4.485561370849609
5.487161636352539
8.419937133789062
7.509671211242676
8.51681900024414
7.97169303894043
10.166618347167969
6.442957878112793
6.732807159423828
6.847291469573975
8.016258239746094
16.743724822998047
9.069543838500977
12.068397521972656
9.871177673339844
5.238715171813965
7.039045810699463
11.127988815307617
7.115296363830566
10.46772289276123
8.191524505615234
7.194100379943848
6.3028883934021
6.567282199859619
8.06207275390625
18.238643646240234
5.268627643585205
8.742729187011719
4.131927490234375
5.441766738891602
5.8201751708984375
10.71894645690918
5.852713584899902
10.881574630737305
4.164865016937256
4.876510143280029
7.154603004455566
5.799520492553711
5.2222065925598145
5.279653549194336
6.263951301574707
10.483718872070312
5.273323059082031
5.537407875061035
14.230180740356445
13.287846565246582
5.166820526123047
14.239861488342285
14.828546524047852
7.359302520751953
8.544425964355469
8.098383903503418
11.433632850646973
18.37631607055664
7.482820510864258
7.919699668884277
12.854860305786133
8.277606964111328
6.6884846687316895
12.2099027633667
17.530677795410156
5.836455821990967
6.278223037719727
8.430948257446289
7.8332719802856445
6.01621675491333
3.834470272064209
16.38103675842285
15.505475044250488
6.656531810760498
5.8801164627075195
4.330441951751709
9.005987167358398
12.283985137939453
9.841683387756348
6.245371341705322
4.886302471160889
13.079731941223145
7.119897842407227
15.481411933898926
6.969407081604004
12.986679077148438
11.378927230834961
3.5907464027404785
13.086234092712402
9.282217025756836
7.720780372619629
6.627780914306641
6.419785976409912
4.59468936920166
5.898533821105957
3.4230809211730957
5.626806735992432
6.471108436584473
8.855541229248047
4.782875061035156
4.41940975189209
7.095815658569336
4.688441276550293
5.077312469482422
4.246490478515625
15.303354263305664
3.2238972187042236
5.653678894042969
5.227499961853027
6.6513166427612305
13.077220916748047
8.076330184936523
7.097482204437256
4.9231791496276855
6.71343469619751
6.443825721740723
6.247567653656006
4.0282697677612305
11.088010787963867
2.9517056941986084
3.5676817893981934
10.896364212036133
5.990792274475098
11.782028198242188
8.700289726257324
5.527886390686035
7.8999528884887695
11.722707748413086
8.829095840454102
4.4664835929870605
6.754011631011963
7.169498443603516
4.510704517364502
7.523613929748535
9.911721229553223
7.884442329406738
5.319425582885742
11.429744720458984
5.07832670211792
4.879580497741699
3.979064464569092
5.307024002075195
6.87337589263916
7.570416450500488
6.465606212615967
10.7930908203125
5.80816650390625
5.546661853790283
5.653554916381836
8.537878036499023
5.047966003417969
7.05478048324585
4.292593002319336
5.547028541564941
5.533160209655762
3.860301971435547
11.925895690917969
3.830484390258789
8.361405372619629
5.622983932495117
7.6659064292907715
3.051168918609619
5.916313171386719
5.373973846435547
4.01820182800293
6.187325477600098
5.442772388458252
5.766622066497803
7.671075344085693
8.876230239868164
4.605680465698242
5.872912406921387
10.511128425598145
5.272892951965332
5.652462959289551
8.37249755859375
9.427207946777344
6.515377521514893
7.007012367248535
9.04289436340332
6.209192276000977
5.518185615539551
9.24398422241211
8.878388404846191
4.806088447570801
6.8888092041015625
12.249391555786133
11.1282320022583
6.810524940490723
8.242788314819336
5.050628662109375
7.72117805480957
6.951099395751953
6.789542198181152
4.535955429077148
8.690671920776367
9.903833389282227
5.612096786499023
3.6272010803222656
9.885398864746094
9.365657806396484
7.372841835021973
6.205568313598633
10.660728454589844
13.781083106994629
13.313425064086914
7.1828932762146
9.982707977294922
9.800398826599121
10.470067977905273
8.310115814208984
5.344598293304443
17.035797119140625
9.737462997436523
8.720122337341309
6.49839973449707
5.8580708503723145
6.539085865020752
5.454682350158691
6.683213710784912
5.432713508605957
7.9743194580078125
6.65983772277832
4.249866008758545
4.549863815307617
12.547996520996094
4.885496139526367
11.178971290588379
9.202402114868164
11.686050415039062
14.793235778808594
7.246220111846924
5.774380207061768
11.307588577270508
14.52448558807373
4.643423557281494
6.393215179443359
10.372879981994629
15.343448638916016
9.380416870117188
5.858538627624512
9.127229690551758
8.586977005004883
7.126797676086426
11.184244155883789
4.9351396560668945
8.969688415527344
8.608333587646484
3.02197265625
10.433016777038574
13.388359069824219
10.113161087036133
7.1088409423828125
2.8751044273376465
11.298585891723633
14.532320976257324
11.240697860717773
2.416224956512451
6.359180450439453
15.357024192810059
7.11221981048584
13.972996711730957
8.212230682373047
9.695539474487305
14.435140609741211
18.739757537841797
4.57135009765625
3.6374926567077637
9.44839859008789
7.509651184082031
10.231678009033203
11.870795249938965
12.545001029968262
13.327892303466797
9.116657257080078
7.674887657165527
6.179811000823975
10.795967102050781
7.485470771789551
3.528493642807007
8.447534561157227
13.201501846313477
6.804486274719238
9.102665901184082
7.510796546936035
11.780843734741211
8.05761432647705
8.307595252990723
6.705415725708008
6.779893398284912
9.981162071228027
7.46464204788208
3.1336982250213623
3.4561963081359863
4.477329730987549
3.0000720024108887
5.45026969909668
4.7854533195495605
3.9328062534332275
3.246032238006592
6.813754558563232
6.846540451049805
4.766333103179932
3.9595980644226074
5.7917962074279785
9.613744735717773
5.033461093902588
6.542719841003418
7.339784622192383
5.7327165603637695
5.858459949493408
3.888430118560791
5.256357192993164
4.559308052062988
8.925100326538086
5.746678352355957
11.968469619750977
9.36230754852295
5.2542314529418945
10.226810455322266
5.024265289306641
5.539661407470703
9.725298881530762
8.295097351074219
6.45515251159668
7.545039653778076
8.467087745666504
9.729377746582031
9.802988052368164
4.723670482635498
6.734004020690918
6.6378583908081055
11.487197875976562
3.4594388008117676
5.546907424926758
5.343959808349609
7.0386247634887695
2.767746925354004
4.577154159545898
7.523074150085449
5.621533393859863
5.835887908935547
2.076420307159424
5.961719512939453
4.685319423675537
3.87485933303833
5.637463569641113
5.546213150024414
3.6604254245758057
6.291186332702637
7.993783473968506
5.371969699859619
9.02244758605957
2.8905177116394043
5.678316593170166
3.9220879077911377
3.619215488433838
3.750295877456665
4.856283664703369
4.055638790130615
9.103885650634766
3.8257951736450195
3.8377208709716797
4.566619873046875
5.049139022827148
4.983348846435547
3.768641948699951
5.578173637390137
3.6273694038391113
9.703393936157227
11.585451126098633
8.336238861083984
6.675971984863281
5.951962471008301
7.651169776916504
11.668144226074219
3.8886899948120117
8.336387634277344
6.264308929443359
3.2566912174224854
6.451815605163574
6.994237899780273
7.711263179779053
5.041731834411621
4.862567901611328
9.194278717041016
5.120439052581787
4.761208534240723
5.955855846405029
4.466326713562012
5.203681468963623
8.290641784667969
3.387235641479492
6.862831115722656
4.329388618469238
3.410834312438965
5.971623420715332
4.5283732414245605
10.492060661315918
7.475924015045166
9.157073020935059
6.478842735290527
6.442818641662598
3.7273201942443848
7.7045488357543945
10.227714538574219
4.223891258239746
5.1535468101501465
8.419513702392578
6.323019981384277
5.4404449462890625
5.961443901062012
8.071552276611328
7.576491355895996
4.287487506866455
6.083873748779297
2.9859328269958496
10.478442192077637
9.9124755859375
13.171972274780273
4.384007453918457
6.192492485046387
14.036493301391602
5.226097106933594
6.9947357177734375
9.941893577575684
4.024521827697754
3.9549405574798584
3.9636569023132324
4.876075267791748
8.600357055664062
6.423173427581787
4.611474990844727
6.210017681121826
6.0469183921813965
5.036941051483154
7.921665668487549
2.959897994995117
4.31199312210083
4.26660680770874
8.052950859069824
4.757857322692871
4.968136787414551
3.104447603225708
6.79046106338501
3.0232768058776855
7.5795698165893555
9.162936210632324
6.622413635253906
3.5324952602386475
4.735523700714111
5.850034236907959
2.7072086334228516
5.3093366622924805
5.719116687774658
3.9510929584503174
3.723792552947998
5.620644569396973
7.903176784515381
6.177181243896484
4.866639137268066
3.2692251205444336
5.67990779876709
7.201474189758301
4.748251438140869
5.612244606018066
5.430635452270508
3.9091832637786865
3.127307891845703
9.81015682220459
7.000767707824707
6.48374080657959
8.670533180236816
12.702261924743652
11.420130729675293
5.277810573577881
8.683610916137695
13.417051315307617
5.606700897216797
5.988181114196777
10.145987510681152
8.95323371887207
10.547351837158203
4.736783981323242
5.464680194854736
14.73054313659668
17.430471420288086
10.048398971557617
4.331737518310547
12.893875122070312
11.235712051391602
7.386970043182373
2.980381488800049
9.642045974731445
9.343053817749023
5.674324035644531
4.988458156585693
5.762578964233398
3.480146884918213
5.857270240783691
4.250119209289551
3.255795478820801
5.640225410461426
7.439185619354248
4.463433265686035
6.659097671508789
9.28514289855957
3.4996135234832764
7.0594072341918945
10.24979019165039
3.9689865112304688
14.944321632385254
11.935787200927734
10.573707580566406
6.841229438781738
16.000507354736328
17.63246726989746
7.4748406410217285
4.17733097076416
5.794674396514893
7.358022212982178
14.855265617370605
8.663509368896484
4.233633518218994
10.777310371398926
12.192440032958984
9.347431182861328
6.283640384674072
8.442672729492188
11.750117301940918
18.658517837524414
12.993062973022461
2.411724328994751
5.506882190704346
10.825712203979492
9.906957626342773
3.3931050300598145
8.349257469177246
10.103382110595703
13.320573806762695
8.004631042480469
5.027442932128906
4.447853088378906
3.7521374225616455
5.340786457061768
4.809717178344727
3.550093650817871
8.75509262084961
8.694040298461914
6.652313709259033
10.64627742767334
9.716337203979492
8.583723068237305
5.143450736999512
5.460335731506348
5.740717887878418
5.390932083129883
3.4686696529388428
5.833681106567383
5.871216773986816
6.302597999572754
7.632515907287598
3.2072458267211914
4.313990592956543
6.46021842956543
2.8399009704589844
3.348907709121704
3.8133018016815186
5.314054012298584
7.425487518310547
5.138340950012207
6.013792991638184
10.934473037719727
4.9323272705078125
4.418467998504639
9.42802619934082
9.954202651977539
4.375007629394531
8.81933307647705
11.756417274475098
8.463430404663086
7.3237810134887695
10.30128288269043
6.979135036468506
5.070819854736328
8.781696319580078
13.346019744873047
3.824659585952759
5.117852210998535
10.501131057739258
7.25435733795166
2.745213270187378
6.115456581115723
10.05632209777832
3.6644201278686523
4.974762916564941
4.963544845581055
5.461236953735352
2.731145143508911
4.418106555938721
10.077977180480957
4.808468818664551
6.563937664031982
15.180293083190918
14.044475555419922
2.9793334007263184
5.577367782592773
10.02641487121582
15.663564682006836
9.750186920166016
8.103477478027344
9.733026504516602
6.529629230499268
7.938577175140381
7.061683654785156
8.105833053588867
7.290128707885742
5.711596965789795
5.627338409423828
7.924477577209473
4.178304672241211
6.131963729858398
4.874352931976318
3.4983572959899902
4.382481575012207
7.950222969055176
10.76933765411377
6.139350414276123
2.90897798538208
6.862166404724121
8.07902717590332
4.991504669189453
3.508758544921875
3.5604612827301025
3.576387882232666
8.366440773010254
3.287163257598877
3.4436426162719727
8.163497924804688
6.283844470977783
4.984723091125488
9.892143249511719
3.641983985900879
5.469846248626709
2.4579715728759766
3.4050421714782715
6.097611904144287
3.8655195236206055
4.43058443069458
8.063396453857422
5.060181617736816
3.060873508453369
9.027817726135254
5.4179606437683105
7.480528831481934
5.122851371765137
4.250432968139648
3.975800037384033
2.9842488765716553
3.008880138397217
7.839862823486328
4.339041709899902
5.311144828796387
5.865037441253662
4.822574138641357
10.127634048461914
5.807428359985352
7.4175825119018555
7.588328838348389
2.2955877780914307
4.149655342102051
7.161655902862549
6.168650150299072
3.7720134258270264
5.6984124183654785
5.784657955169678
4.897312641143799
2.8925416469573975
4.734603404998779
5.043442249298096
10.162481307983398
4.388141632080078
8.298027038574219
6.086925506591797
3.842609405517578
6.187668800354004
8.32986831665039
5.015781402587891
6.112375259399414
5.748502254486084
6.320807456970215
5.575738430023193
3.6659371852874756
3.194395065307617
3.8205132484436035
4.938917636871338
4.216991424560547
3.4269070625305176
6.809613227844238
3.2778844833374023
5.542906761169434
6.4185566902160645
2.6623659133911133
5.377345085144043
3.4790151119232178
4.172924995422363
5.623668670654297
3.3216118812561035
4.338798522949219
3.682811737060547
4.023211479187012
2.615792989730835
5.045775413513184
4.444007873535156
3.8331174850463867
6.103647708892822
6.94150972366333
4.959319591522217
5.815696716308594
5.390780925750732
3.881211519241333
4.557351112365723
4.996562957763672
7.973478317260742
4.750222206115723
4.353890895843506
3.1646125316619873
6.643101215362549
3.967219114303589
5.356344699859619
6.97026252746582
4.546474456787109
4.993966102600098
4.41238260269165
6.549125671386719
4.69122314453125
5.936017036437988
5.817323684692383
3.3711905479431152
7.282675743103027
7.696003437042236
3.693371057510376
3.6078104972839355
5.480364799499512
3.649582862854004
4.088582515716553
5.026733875274658
6.800347328186035
5.879768371582031
5.920441627502441
10.491545677185059
6.188560485839844
4.92216157913208
6.1487321853637695
9.9166259765625
7.795159339904785
4.975955486297607
8.143211364746094
8.283803939819336
4.198007583618164
4.802120208740234
5.683063983917236
9.395212173461914
4.454117298126221
3.4302775859832764
8.078914642333984
8.783666610717773
5.48020076751709
2.4970579147338867
4.398390769958496
11.06097412109375
3.1218926906585693
3.902247190475464
9.547774314880371
3.3616485595703125
4.138218879699707
3.193004608154297
5.803476333618164
6.435369491577148
8.37281608581543
13.860986709594727
2.808833122253418
6.1161627769470215
11.326659202575684
5.877811431884766
5.980880260467529
5.906556606292725
6.128654479980469
4.98294734954834
6.387716770172119
8.179742813110352
4.141619682312012
6.382308483123779
6.892236709594727
3.822183132171631
6.6464948654174805
7.507058143615723
3.4992127418518066
3.7904984951019287
8.309776306152344
3.823305606842041
3.8812129497528076
4.522336959838867
6.756693363189697
4.774630546569824
2.9610824584960938
6.862236022949219
5.4877424240112305
5.473486423492432
4.838278770446777
7.457505226135254
10.384417533874512
4.968905925750732
3.336496353149414
7.968987464904785
9.003968238830566
7.741930961608887
3.365729331970215
8.020086288452148
4.488153457641602
2.8730931282043457
3.972242593765259
4.798199653625488
6.817502021789551
4.114037036895752
4.306359767913818
6.176130294799805
12.595049858093262
8.078633308410645
5.925242900848389
10.508792877197266
7.6857147216796875
5.738901138305664
5.732110023498535
8.819256782531738
13.83348274230957
11.293703079223633
3.394068717956543
10.349895477294922
13.196855545043945
6.896116733551025
9.035249710083008
8.338340759277344
6.329101085662842
5.945199966430664
8.121039390563965
4.994082450866699
4.549502849578857
6.595365524291992
7.281607627868652
2.585855007171631
5.9627790451049805
5.087712287902832
5.023191452026367
4.708240985870361
8.776301383972168
6.6334733963012695
4.6084184646606445
5.788138389587402
5.545419692993164
4.6875
4.779407978057861
5.833559989929199
6.689542770385742
4.970193386077881
8.540454864501953
5.722907543182373
7.457098960876465
4.639034271240234
3.6047017574310303
3.153237819671631
6.214931488037109
8.900796890258789
7.175864219665527
9.881851196289062
8.103086471557617
8.53884506225586
7.375090599060059
4.032973289489746
6.519060134887695
7.965429782867432
6.142566680908203
2.687300205230713
5.795108795166016
9.515083312988281
5.6956281661987305
5.417890548706055
10.521034240722656
6.029934883117676
6.463000774383545
5.347699165344238
5.563608646392822
7.478635311126709
4.116592884063721
3.5749359130859375
5.67034387588501
5.685578346252441
4.00580358505249
2.624335289001465
7.937100410461426
9.51786994934082
4.2806830406188965
7.235734939575195
6.588582515716553
3.668004035949707
4.029735565185547
9.819942474365234
7.945526599884033
6.1935858726501465
8.993032455444336
7.3566436767578125
5.876317024230957
4.63887357711792
6.173610687255859
3.009681224822998
7.735990047454834
5.170735836029053
3.3005237579345703
3.9359734058380127
5.760123252868652
5.033655166625977
5.179262161254883
5.531464576721191
6.24205207824707
3.3641257286071777
3.0087623596191406
3.8456015586853027
5.1763505935668945
3.6894335746765137
2.7966465950012207
2.1166932582855225
3.887787342071533
4.096415996551514
4.653996467590332
3.2973310947418213
5.127464771270752
4.272453308105469
3.354541063308716
2.6742448806762695
3.4296469688415527
6.090306758880615
3.1412487030029297
4.486932754516602
6.120231628417969
3.8732948303222656
4.634973526000977
8.822273254394531
8.127559661865234
6.686572074890137
8.999045372009277
10.55242919921875
4.982272148132324
5.401053428649902
12.653848648071289
4.618112087249756
5.9632568359375
4.957704544067383
9.831520080566406
6.677056312561035
5.660704612731934
7.272756576538086
5.4009928703308105
6.826089859008789
3.562309741973877
5.992705821990967
7.751761436462402
5.662355899810791
6.763693332672119
3.2948129177093506
6.757051467895508
4.043886184692383
4.377176284790039
3.413421630859375
5.222738265991211
2.322831153869629
5.319396018981934
5.426369667053223
2.476748466491699
4.535447120666504
4.8205413818359375
3.111797332763672
6.49307107925415
3.824204444885254
5.78757381439209
5.5822882652282715
5.68983268737793
3.070674419403076
5.2100911140441895
6.110971450805664
2.798963785171509
3.433499813079834
5.745471954345703
4.5176496505737305
2.858416795730591
5.255061626434326
4.638180732727051
2.2470221519470215
4.409449577331543
2.839251756668091
3.8517582416534424
3.2524280548095703
4.101625442504883
4.093867301940918
4.529037952423096
3.2377030849456787
5.1980180740356445
3.265596389770508
5.403307914733887
5.102624893188477
3.4560585021972656
4.672774314880371
9.98341178894043
1.822011947631836
3.4060049057006836
6.160173416137695
2.4910776615142822
4.963923931121826
2.813345193862915
2.857377767562866
2.725487470626831
2.7464165687561035
2.3689911365509033
6.119907379150391
6.657628536224365
5.090859413146973
2.865159511566162
4.600734710693359
4.073721885681152
4.3199310302734375
2.733422040939331
3.495840549468994
3.71401309967041
6.043534278869629
2.698010206222534
3.811894178390503
3.6577048301696777
3.648238182067871
3.713555335998535
4.464911937713623
5.396374225616455
6.739559173583984
7.954256534576416
4.526052951812744
5.930506706237793
2.9483213424682617
5.601363658905029
4.180386543273926
3.0126893520355225
3.6712756156921387
5.016046524047852
2.6125576496124268
2.738868474960327
3.3240320682525635
2.717121124267578
2.0327956676483154
4.673915863037109
2.122006893157959
3.4690637588500977
1.7891335487365723
2.0817251205444336
3.4718360900878906
3.2506794929504395
1.5850284099578857
4.004368305206299
4.806558132171631
3.598233222961426
5.59092903137207
5.0367279052734375
3.212557315826416
4.268245220184326
6.284496307373047
3.693549156188965
3.979004383087158
4.253374099731445
6.217040538787842
5.3882341384887695
5.766613006591797
6.41986608505249
3.6489787101745605
5.981746673583984
4.725549697875977
4.582489013671875
4.683623790740967
2.0469768047332764
3.585953712463379
3.9775376319885254
9.196821212768555
3.421435832977295
5.540595054626465
4.162899017333984
2.2078487873077393
6.441279888153076
2.4093029499053955
3.566519021987915
3.0792694091796875
4.108553409576416
2.1080832481384277
4.85009241104126
4.613761901855469
2.810598373413086
4.091024875640869
5.645013809204102
2.528355598449707
4.989251136779785
1.8193132877349854
4.280694007873535
3.314478635787964
2.3419322967529297
6.281807899475098
4.254987716674805
5.770972728729248
3.035677433013916
2.156064987182617
1.8680415153503418
2.0327365398406982
3.124690055847168
2.672501802444458
2.2821202278137207
3.189124822616577
4.204868316650391
9.420709609985352
5.101505756378174
5.109960556030273
3.7188520431518555
3.5212628841400146
3.6605215072631836
4.662978649139404
3.193042278289795
3.2305309772491455
4.778791427612305
7.955676078796387
5.223152160644531
3.68683123588562
4.337244987487793
3.8637311458587646
3.742204189300537
5.336848258972168
3.202287197113037
2.716057777404785
8.737915992736816
8.22022819519043
5.444025039672852
7.304180145263672
7.8151092529296875
2.175039768218994
5.713107109069824
9.74654769897461
11.012678146362305
3.275536060333252
7.571816444396973
8.258146286010742
4.165609359741211
4.220438003540039
6.4038801193237305
6.0112152099609375
6.08747673034668
2.7157812118530273
9.415047645568848
8.156259536743164
1.5322933197021484
4.748884201049805
9.274959564208984
9.705252647399902
3.854332208633423
5.645302772521973
15.33910846710205
6.743802070617676
4.63331413269043
7.4481048583984375
16.6552734375
6.250389099121094
2.581989049911499
6.581927299499512
7.351255416870117
6.227988243103027
2.5952272415161133
4.210302829742432
7.155757904052734
3.5335114002227783
2.960999011993408
5.599620342254639
8.135873794555664
5.647422790527344
3.48753023147583
3.4490790367126465
5.0623626708984375
7.182370185852051
6.445208549499512
3.6060984134674072
2.554635524749756
4.511070251464844
6.5355377197265625
2.071014881134033
5.827025413513184
4.384918212890625
6.714380264282227
5.980330944061279
4.377354621887207
3.6110284328460693
6.315522193908691
5.638036251068115
2.647139310836792
4.980512619018555
5.023866653442383
5.3056960105896
5.181355953216553
3.500494956970215
4.651572227478027
4.736952304840088
2.793473958969116
6.097602844238281
5.3301615715026855
2.7201387882232666
4.043811321258545
3.0589675903320312
3.6878433227539062
4.207940101623535
4.924461364746094
4.385761260986328
3.8530144691467285
4.325263977050781
5.141075611114502
4.313125133514404
5.610289096832275
4.214181900024414
3.6465723514556885
4.013654708862305
3.219010591506958
1.8505226373672485
6.0187177658081055
2.598463535308838
5.5790228843688965
2.996034622192383
2.798640489578247
3.2844173908233643
2.095252513885498
3.8801238536834717
2.253593683242798
6.641190528869629
2.5746870040893555
3.339773654937744
5.198688983917236
3.3217098712921143
9.11907958984375
5.68395471572876
2.6074562072753906
9.024898529052734
3.9349422454833984
3.4803948402404785
6.938543796539307
2.0068984031677246
4.729135036468506
5.944232940673828
4.906853675842285
4.508705139160156
2.3750829696655273
3.3989193439483643
1.6966335773468018
3.010134220123291
4.126455307006836
3.2222819328308105
6.851310729980469
2.3096585273742676
3.9262332916259766
7.220308303833008
7.317474365234375
3.245070457458496
10.176536560058594
5.03074312210083
5.401371002197266
10.856512069702148
4.154444217681885
2.967038154602051
7.334846496582031
5.226154327392578
3.973620653152466
2.128183126449585
1.9932281970977783
4.000234603881836
4.376307964324951
5.238399982452393
3.1046972274780273
9.22076416015625
5.5667853355407715
3.0674827098846436
5.580118656158447
8.250127792358398
3.350829601287842
8.52193832397461
4.732308387756348
3.1257336139678955
5.826478004455566
5.972897052764893
4.690918445587158
7.561561107635498
9.895288467407227
4.484867572784424
4.763077259063721
3.545490026473999
3.8532280921936035
3.3874106407165527
3.7376904487609863
2.03781795501709
4.837881088256836
3.647252082824707
1.824588418006897
4.519807815551758
4.631591796875
1.7419581413269043
3.1325201988220215
3.5063717365264893
4.3121771812438965
3.059166431427002
3.545196056365967
2.325528383255005
2.9833030700683594
4.081780433654785
3.14182710647583
3.143390655517578
3.420165777206421
4.673859119415283
1.4880316257476807
3.3625240325927734
5.193473815917969
4.88537073135376
2.459714651107788
4.576241493225098
5.91093635559082
5.70619010925293
5.129093170166016
2.5027127265930176
10.231087684631348
3.522080421447754
2.5211260318756104
7.854219913482666
2.4612884521484375
9.337297439575195
7.326160430908203
3.9854447841644287
2.78259015083313
3.5409772396087646
3.37691330909729
2.8897857666015625
2.0012593269348145
5.461825847625732
4.978496551513672
3.104285717010498
4.2364888191223145
2.2567145824432373
5.177635192871094
2.0832459926605225
2.702186107635498
5.976505279541016
2.762232542037964
5.125738143920898
2.0711238384246826
2.2454936504364014
4.940390586853027
2.103984832763672
2.60244083404541
4.347658157348633
5.561188697814941
3.9291224479675293
2.584514856338501
6.54457950592041
4.950692653656006
7.205720901489258
4.413702964782715
4.250304698944092
7.804396629333496
7.312996864318848
6.62751579284668
4.954043388366699
8.289527893066406
11.107002258300781
6.921178340911865
4.827295303344727
3.8046443462371826
6.823962211608887
4.716139793395996
5.498564720153809
4.568092346191406
2.1550583839416504
4.5213623046875
5.570477485656738
5.535600662231445
3.59002423286438
4.595383644104004
9.6715669631958
2.599785566329956
2.608565330505371
4.892683029174805
4.550466537475586
4.122188091278076
4.780490398406982
3.6857409477233887
6.005779266357422
2.070647716522217
6.548037528991699
5.776566982269287
2.500739574432373
5.118741989135742
3.783238172531128
1.916794776916504
2.9931800365448
3.213010311126709
2.9237935543060303
4.602851867675781
3.402662515640259
4.148764610290527
2.1021907329559326
2.077003002166748
3.936265230178833
3.783794403076172
2.689725637435913
1.9215174913406372
3.505481004714966
3.7076334953308105
3.2374696731567383
4.0723114013671875
4.423664093017578
3.96199893951416
5.934151649475098
5.269306182861328
5.810079574584961
6.008261680603027
2.657135009765625
6.497152328491211
2.789543867111206
6.314702987670898
4.795032978057861
4.262686729431152
7.0663533210754395
2.099699020385742
4.567559242248535
7.4042158126831055
6.837743282318115
3.2590370178222656
3.8224925994873047
6.353944778442383
2.89597225189209
7.527899742126465
5.919945240020752
2.756194591522217
4.629533290863037
3.0701632499694824
4.9514079093933105
2.7423014640808105
3.053638458251953
4.866044998168945
5.386241912841797
3.293417453765869
6.699639797210693
3.291412115097046
4.155890464782715
3.9895179271698
2.3283472061157227
3.0303406715393066
7.022671699523926
4.883078575134277
5.188905239105225
3.006592273712158
6.296781539916992
9.965456008911133
7.0055952072143555
3.217162609100342
6.512481689453125
6.612259387969971
3.4593539237976074
5.086888790130615
4.363784313201904
3.6570005416870117
3.6128649711608887
2.9415621757507324
5.147468090057373
3.8242993354797363
6.663539886474609
5.893538951873779
3.7853338718414307
1.9915213584899902
7.3872528076171875
8.468061447143555
5.475929260253906
6.360135555267334
7.1067585945129395
4.3370771408081055
7.991321563720703
5.6364569664001465
1.9304903745651245
4.896672248840332
4.916316986083984
1.5517274141311646
7.274416446685791
3.68772554397583
5.743615627288818
5.57302188873291
2.459207057952881
3.972724676132202
4.1509528160095215
4.586197376251221
4.5310187339782715
1.8904625177383423
1.952762484550476
5.211217880249023
5.827485084533691
4.964795112609863
2.5423927307128906
4.20609712600708
5.801510810852051
3.666947603225708
1.7945783138275146
2.4366707801818848
3.383683681488037
2.6939730644226074
3.692556619644165
1.9513630867004395
3.6760177612304688
3.036353588104248
2.297147512435913
2.875704765319824
1.4987108707427979
2.0235109329223633
4.330394744873047
1.9646600484848022
4.896267414093018
8.560993194580078
3.8639371395111084
4.523355484008789
4.948551654815674
1.8710272312164307
4.244977951049805
4.7280683517456055
2.3861489295959473
3.034231424331665
3.848098039627075
2.294198989868164
2.6383461952209473
4.147278308868408
4.097518444061279
2.140186309814453
6.670224189758301
4.633430480957031
4.403944492340088
7.0443878173828125
3.6571431159973145
5.542880058288574
8.25010871887207
4.901329040527344
4.998111724853516
4.785186290740967
6.6536054611206055
3.3803956508636475
2.307098388671875
5.6914448738098145
3.911992073059082
5.2235307693481445
3.7970190048217773
4.291143417358398
4.903993606567383
6.590244293212891
3.1652672290802
5.319632530212402
3.677833318710327
5.747859477996826
3.3958749771118164
2.0019426345825195
5.685055255889893
7.910147666931152
2.813094139099121
6.91057825088501
9.89669132232666
9.816537857055664
3.8392932415008545
6.6897664070129395
6.050760269165039
4.26897668838501
4.17938232421875
3.167771100997925
3.5439395904541016
4.904999256134033
2.5364391803741455
4.738611221313477
4.310632705688477
4.799185752868652
3.673360824584961
1.677825689315796
6.465897560119629
4.049105644226074
6.268414497375488
4.27092981338501
7.51992654800415
9.0208101272583
9.10861873626709
8.846570014953613
2.877903461456299
7.586164474487305
9.50268840789795
5.1251397132873535
6.370172500610352
9.968425750732422
6.099388122558594
2.5515236854553223
7.35685920715332
8.707714080810547
7.139164924621582
4.169979095458984
4.172224521636963
11.545961380004883
7.0152387619018555
3.170196533203125
5.160571098327637
4.438632488250732
3.5626378059387207
2.2485365867614746
5.29843807220459
3.929718017578125
2.4415838718414307
3.257178783416748
2.8808186054229736
3.478209972381592
5.516586780548096
3.574638605117798
3.3780274391174316
4.604287624359131
3.3831145763397217
3.8299150466918945
5.363784313201904
5.911922931671143
2.6896824836730957
5.077902793884277
11.109964370727539
3.6908087730407715
1.6031694412231445
4.029050827026367
6.574460029602051
6.512577056884766
3.842966079711914
5.125007152557373
4.902700424194336
3.9683470726013184
4.198949813842773
4.5218305587768555
7.616763591766357
4.056806564331055
5.539311408996582
6.838051795959473
8.832425117492676
6.168349266052246
5.207148551940918
7.1037750244140625
6.574048042297363
5.264179229736328
6.353137016296387
3.3855671882629395
6.318813323974609
8.202881813049316
5.925970077514648
2.181260824203491
4.651076316833496
7.1076340675354
5.018247604370117
7.698575019836426
4.144229412078857
2.678492546081543
7.720963478088379
5.27091121673584
6.470987319946289
2.6887714862823486
4.770193099975586
4.922836780548096
2.6443357467651367
2.7637014389038086
2.964282989501953
4.096435546875
2.589996337890625
2.388064384460449
4.472768783569336
5.064784049987793
2.3911314010620117
2.456165313720703
1.6337292194366455
3.0147886276245117
2.883488416671753
3.654421329498291
3.0678048133850098
1.9719469547271729
2.7498466968536377
2.895054817199707
4.091193199157715
5.109925270080566
2.9287424087524414
2.7796072959899902
2.3341970443725586
3.0252957344055176
2.106278419494629
2.184269428253174
2.660356044769287
3.1644489765167236
3.6266636848449707
4.95957088470459
4.94927978515625
6.023779392242432
2.0621509552001953
6.487561225891113
9.950830459594727
4.264561653137207
5.575765132904053
6.128209114074707
6.652241230010986
4.6620402336120605
9.088868141174316
4.7175397872924805
3.1670432090759277
6.831469535827637
7.509196758270264
3.820591449737549
3.678025245666504
3.9333715438842773
3.4348671436309814
5.284768104553223
6.862502098083496
2.473496437072754
4.061192512512207
9.736597061157227
5.208066940307617
3.337679624557495
6.530579090118408
11.475223541259766
6.413912296295166
6.003255844116211
11.189574241638184
6.63912296295166
8.10523796081543
9.156903266906738
3.5727105140686035
6.5600996017456055
8.490734100341797
3.9506728649139404
4.19890022277832
7.660035133361816
6.17286491394043
3.599919319152832
3.112367630004883
8.525833129882812
5.450207710266113
5.900921821594238
8.406471252441406
3.2334413528442383
2.883260488510132
4.833508491516113
4.3511176109313965
3.6010422706604004
7.391800880432129
4.640988826751709
2.638767719268799
6.692049980163574
8.947380065917969
4.338866233825684
3.489234209060669
6.434682369232178
8.663044929504395
4.565032005310059
7.146172523498535
2.8546507358551025
3.389146566390991
3.685208320617676
3.528803586959839
5.255843639373779
3.4883251190185547
8.371017456054688
3.812835216522217
5.665719509124756
3.603132963180542
3.064988851547241
3.6737756729125977
1.8499717712402344
4.389914512634277
4.928927421569824
3.464254856109619
4.104024887084961
2.8621606826782227
2.6993207931518555
3.6856846809387207
4.455674171447754
2.3981103897094727
6.1404924392700195
4.300440311431885
5.127444744110107
2.322619915008545
8.863075256347656
3.718961477279663
3.4647979736328125
3.5739030838012695
2.9579460620880127
4.795378684997559
3.3520889282226562
4.798352241516113
6.786815643310547
6.712584018707275
4.5559210777282715
5.8028717041015625
3.581909418106079
1.4114927053451538
2.744943141937256
5.385034561157227
2.735795021057129
3.4358277320861816
5.104552268981934
4.161823272705078
2.665452480316162
2.4053268432617188
4.922414302825928
2.7930238246917725
3.2326886653900146
2.6165103912353516
1.535841703414917
3.0334959030151367
5.112493515014648
3.7129158973693848
3.843172311782837
2.836965799331665
6.333857536315918
2.9474785327911377
1.4840797185897827
2.5907320976257324
5.114230155944824
3.2893800735473633
2.6785192489624023
7.9244232177734375
6.307366371154785
4.799551963806152
9.273006439208984
3.9295904636383057
5.099025726318359
2.554313898086548
3.2305126190185547
5.195632457733154
3.6342546939849854
2.735891580581665
4.348460674285889
2.0408077239990234
2.377943992614746
3.089308023452759
2.603228807449341
2.139957904815674
4.084002494812012
4.079868793487549
3.437056064605713
2.9517459869384766
4.062290668487549
3.03836727142334
4.528769493103027
4.153053283691406
6.155660629272461
4.952693939208984
4.166266441345215
3.8993797302246094
4.48624849319458
2.9638471603393555
6.279742240905762
3.954145908355713
2.3003134727478027
9.27070426940918
5.515407562255859
3.479229211807251
8.470699310302734
5.631069183349609
6.422253608703613
5.781135559082031
5.672362327575684
2.0881028175354004
5.085669040679932
7.245584487915039
3.638827323913574
3.9863624572753906
3.2251594066619873
5.440219879150391
3.6239869594573975
5.69584846496582
9.363361358642578
4.8739013671875
3.914992570877075
1.5853583812713623
5.295919418334961
4.8269195556640625
2.462200164794922
5.0824785232543945
3.598160743713379
6.09733247756958
4.540216445922852
4.744239330291748
3.900848865509033
3.3109750747680664
2.9061174392700195
3.9549455642700195
2.2694437503814697
4.620973587036133
3.4941983222961426
2.5053551197052
2.983639717102051
5.881728649139404
4.852179527282715
4.578943252563477
2.8468430042266846
4.718451976776123
2.7148823738098145
1.8809939622879028
4.489995002746582
3.9520187377929688
4.629483222961426
3.773130416870117
2.7962307929992676
4.805904388427734
4.458100318908691
2.4756054878234863
3.8562071323394775
3.715404510498047
2.132429838180542
3.1136865615844727
7.146737098693848
3.022921085357666
2.6831769943237305
3.0196123123168945
7.337718486785889
2.4188525676727295
2.5881550312042236
2.425262451171875
1.183905839920044
2.1113977432250977
1.5850024223327637
1.4095982313156128
2.347705841064453
2.607998847961426
2.937098264694214
2.7303967475891113
2.7794313430786133
2.9456939697265625
2.2657339572906494
4.3328752517700195
1.672050952911377
4.383193016052246
3.6969175338745117
2.2859981060028076
1.3433361053466797
2.7555129528045654
4.460537910461426
3.1864445209503174
4.073605537414551
2.8715882301330566
3.2044081687927246
1.9511404037475586
2.8911173343658447
3.3161802291870117
1.698573112487793
4.096200942993164
2.486816883087158
3.5294761657714844
3.026395082473755
3.147474765777588
2.9765212535858154
4.783309459686279
5.290195941925049
2.637024164199829
1.853079080581665
3.8806405067443848
2.2726035118103027
4.801714897155762
2.6661715507507324
7.30657958984375
4.335519313812256
3.9202802181243896
6.413338661193848
2.334362030029297
5.0104875564575195
5.976744651794434
4.118124485015869
6.976217746734619
8.957070350646973
3.9739623069763184
6.080995082855225
7.376579284667969
8.534934997558594
3.1273512840270996
5.651706695556641
5.020758628845215
5.8057637214660645
7.748680114746094
8.2171049118042
4.386166572570801
6.0694661140441895
6.421070098876953
6.913230895996094
6.649380683898926
3.776681423187256
3.9489946365356445
3.047135829925537
2.2333383560180664
3.032020092010498
3.8037967681884766
4.788449764251709
1.539891004562378
2.3733596801757812
3.497687339782715
1.7291955947875977
3.510776996612549
2.1235642433166504
2.374598979949951
3.0148205757141113
1.6505155563354492
2.2320687770843506
3.096945285797119
2.1801609992980957
2.0095860958099365
3.198842763900757
1.9901708364486694
3.0842599868774414
1.667754888534546
1.7808021306991577
4.061053276062012
3.2273073196411133
4.695365905761719
3.5967211723327637
1.7277579307556152
3.059630870819092
2.3486392498016357
2.9031119346618652
2.1634280681610107
3.110330104827881
4.063228607177734
4.4620256423950195
4.920905113220215
2.7114005088806152
5.261306285858154
6.38662576675415
4.755212306976318
8.24099063873291
4.718949317932129
3.5351641178131104
6.713464736938477
5.180696487426758
3.4786453247070312
5.520667552947998
3.5535130500793457
2.6563661098480225
3.822455644607544
2.5467820167541504
3.3967840671539307
2.564338445663452
3.8225150108337402
3.673724412918091
2.4640161991119385
2.3006420135498047
2.810631275177002
2.054572820663452
2.43269419670105
4.194245338439941
3.291469097137451
3.7263355255126953
5.728452205657959
3.020833969116211
2.778409957885742
3.6096551418304443
2.121962308883667
4.549752235412598
5.614206790924072
4.319512367248535
2.7244129180908203
3.1175734996795654
2.2831785678863525
1.499248743057251
2.235339403152466
5.450772285461426
4.432109832763672
6.004471778869629
1.7933225631713867
2.773982524871826
2.3308448791503906
4.610107421875
3.839841365814209
1.0552259683609009
3.1368584632873535
4.934788703918457
1.930765986442566
1.9097776412963867
3.6445634365081787
3.720001697540283
1.9642186164855957
2.398190975189209
6.34658145904541
2.2321102619171143
3.268038272857666
3.2773873805999756
4.426470756530762
5.884050369262695
5.346349716186523
7.347917079925537
4.846699237823486
2.5856893062591553
6.307241916656494
6.112702369689941
2.867551565170288
4.839616298675537
1.7736437320709229
4.101996421813965
4.6917033195495605
1.9008482694625854
3.0632097721099854
3.6261022090911865
1.636584758758545
3.019012212753296
1.2279844284057617
2.3902173042297363
1.7364805936813354
2.055887460708618
1.8929851055145264
2.3919663429260254
2.3106048107147217
2.2513973712921143
3.56968355178833
1.809720516204834
3.437415361404419
5.346641540527344
4.944126129150391
2.9606642723083496
3.945026397705078
2.6790263652801514
1.9010885953903198
3.640557289123535
5.822012901306152
3.4916481971740723
4.014376640319824
3.351881980895996
4.305878639221191
6.102859020233154
2.4388980865478516
10.2412748336792
3.9840662479400635
4.892375946044922
5.219817161560059
4.665112018585205
8.282943725585938
8.519111633300781
3.1543872356414795
2.7854299545288086
5.1487836837768555
4.562280654907227
5.125354766845703
4.302480697631836
3.929241418838501
7.034116744995117
3.079629898071289
2.4077892303466797
4.985177993774414
6.131052494049072
4.502541542053223
3.8844223022460938
4.839167594909668
4.675448417663574
5.028675079345703
4.627065181732178
2.5842814445495605
3.8296332359313965
3.2594146728515625
3.003838062286377
4.028294563293457
2.0160255432128906
1.3044226169586182
2.775846004486084
2.541771173477173
3.0916566848754883
2.2333285808563232
2.134725570678711
3.0673322677612305
1.860277533531189
4.159148216247559
2.3345589637756348
5.350027084350586
5.366752624511719
4.542412757873535
2.672703742980957
2.258169651031494
3.1368608474731445
3.7428812980651855
3.0340304374694824
4.215854644775391
2.4899251461029053
1.4662866592407227
4.33514404296875
2.754232883453369
2.95269513130188
3.3601372241973877
2.1950936317443848
3.5645885467529297
1.8495842218399048
1.7591673135757446
2.699559450149536
5.251548767089844
2.4701032638549805
2.06608247756958
2.7617170810699463
2.1254825592041016
3.005446672439575
2.314810276031494
3.7086031436920166
1.3608546257019043
3.2221713066101074
5.797158241271973
4.664264678955078
5.14896821975708
5.204945087432861
7.1884660720825195
2.257451057434082
2.518044948577881
2.9517276287078857
2.8594088554382324
3.329404354095459
3.1175789833068848
2.7424089908599854
2.29099702835083
2.9219398498535156
1.914344072341919
4.030879974365234
1.837573766708374
2.8108415603637695
1.5935797691345215
2.5675785541534424
1.275350570678711
2.5323376655578613
1.6037882566452026
2.392880916595459
2.643759250640869
2.697263240814209
2.828007698059082
1.8327851295471191
3.257721424102783
2.39414644241333
1.6590328216552734
2.357616901397705
2.549614906311035
2.628232479095459
2.772554874420166
5.289515495300293
2.6004137992858887
2.60540771484375
2.187284469604492
4.399498462677002
3.23051381111145
2.731503486633301
3.5619306564331055
4.286956310272217
2.65695858001709
3.7706806659698486
4.008334159851074
4.547608375549316
5.717700958251953
3.4868004322052
4.919251441955566
4.0153398513793945
2.3441481590270996
5.532251358032227
3.9961838722229004
3.27089262008667
2.748800277709961
4.968080520629883
2.982665538787842
2.190345048904419
1.9883472919464111
2.336690902709961
1.7398035526275635
2.947406053543091
2.8293607234954834
1.9907411336898804
1.760643482208252
3.988110065460205
4.161714553833008
2.793797016143799
2.802305221557617
3.388535976409912
2.6244306564331055
3.071594715118408
2.66903018951416
2.146127223968506
2.453327178955078
1.8938624858856201
2.483243942260742
3.3172783851623535
3.2185041904449463
5.758000373840332
3.6368672847747803
2.4353761672973633
8.134126663208008
5.429955959320068
2.190493583679199
5.480007171630859
5.795860290527344
3.9535720348358154
2.8147761821746826
4.672145843505859
5.330059051513672
7.816505432128906
3.357597589492798
3.1031978130340576
5.335421562194824
6.397932529449463
5.53725528717041
4.5955352783203125
2.25258207321167
3.897068977355957
5.21768856048584
3.3391125202178955
3.6940853595733643
1.6480069160461426
3.04194974899292
2.4995927810668945
1.8343600034713745
2.6252994537353516
2.2668352127075195
1.951386570930481
4.025446891784668
1.1180332899093628
2.011809825897217
2.061189651489258
3.1523444652557373
2.870534896850586
2.3425631523132324
2.339859962463379
3.5751852989196777
1.0819238424301147
5.855493545532227
2.296074867248535
4.255187034606934
4.855275630950928
4.4943389892578125
3.2178468704223633
3.6339690685272217
3.8243348598480225
3.3107619285583496
3.6727399826049805
2.2663626670837402
3.3752615451812744
1.6520328521728516
1.5613800287246704
1.848210334777832
1.5861510038375854
2.2904813289642334
1.942234992980957
1.7552207708358765
2.6645312309265137
2.531954050064087
3.111757755279541
2.8386192321777344
1.8549180030822754
2.6676506996154785
2.5948541164398193
2.7664332389831543
2.603513717651367
2.0305941104888916
3.0867714881896973
2.6310715675354004
3.2759644985198975
3.369112253189087
3.9745965003967285
2.1452860832214355
1.9047808647155762
4.105683326721191
2.0083959102630615
2.563392162322998
4.701284408569336
2.5853195190429688
4.797965049743652
4.28375244140625
4.9929962158203125
2.933187484741211
3.294440984725952
4.349151611328125
2.5552496910095215
2.5224499702453613
5.528658866882324
3.0772829055786133
3.578547239303589
2.572566270828247
2.912616729736328
3.356174945831299
2.670792579650879
2.987901210784912
5.524932861328125
5.118773937225342
2.7883148193359375
2.732649326324463
6.312297821044922
5.480362892150879
2.4997026920318604
4.126530647277832
5.15243673324585
5.0416693687438965
3.591374397277832
3.3998327255249023
4.375870227813721
2.8161234855651855
5.55322790145874
3.3325464725494385
5.229066848754883
4.283255577087402
1.3423442840576172
4.243648529052734
2.6831719875335693
2.474799394607544
1.659862756729126
2.1340560913085938
2.015554904937744
2.473935604095459
1.4748966693878174
2.5679984092712402
2.885481834411621
3.612788200378418
2.3000969886779785
1.1258370876312256
2.646648645401001
2.1477317810058594
2.7519874572753906
3.185098648071289
4.032770156860352
5.02962064743042
1.71937096118927
3.9135262966156006
3.205864906311035
6.787469863891602
2.8987808227539062
5.221529006958008
3.592315912246704
5.821702480316162
5.025998115539551
3.796210765838623
4.151350975036621
4.19517183303833
4.027011394500732
4.419689178466797
5.528942584991455
5.652902126312256
1.9717435836791992
5.102461338043213
4.494627952575684
3.8011021614074707
7.511730194091797
4.22072172164917
3.5676345825195312
4.211118698120117
1.4702104330062866
4.9229326248168945
3.7723844051361084
4.414300441741943
4.448085784912109
4.351810455322266
3.614802837371826
2.726940631866455
3.130767822265625
3.131239891052246
1.8986852169036865
3.50474214553833
2.7931885719299316
2.8173575401306152
1.8339321613311768
2.2853801250457764
7.100954532623291
4.243313789367676
5.506532669067383
3.984166145324707
6.5560808181762695
5.2727532386779785
3.5673553943634033
6.120085716247559
10.404156684875488
4.894763469696045
4.722929000854492
3.68082332611084
5.83234977722168
2.589139938354492
3.0293455123901367
4.671210289001465
2.1712141036987305
2.292515277862549
2.754102945327759
4.524568557739258
3.3158440589904785
2.497406244277954
3.5918893814086914
3.065535068511963
4.493826866149902
6.296075344085693
1.384178638458252
5.296928405761719
4.444495677947998
3.3536252975463867
4.082723617553711
5.1977128982543945
3.872771739959717
5.572323799133301
3.421782970428467
6.342958927154541
3.3719940185546875
1.7514694929122925
6.423582553863525
3.136445999145508
5.672049045562744
3.367715835571289
4.877031326293945
8.939541816711426
8.617244720458984
5.2717108726501465
3.289872169494629
5.331902503967285
5.21430778503418
3.5643064975738525
2.8716115951538086
6.424129009246826
8.335512161254883
4.513481140136719
3.1118836402893066
3.3695406913757324
5.211604118347168
5.543375492095947
2.486860752105713
4.370944976806641
6.735973834991455
4.09965705871582
5.786540985107422
2.9491045475006104
6.488277435302734
4.776628494262695
3.9262547492980957
2.861823081970215
4.872982978820801
3.867844343185425
2.9959588050842285
2.874850273132324
2.338149070739746
1.3585586547851562
2.232508659362793
2.586564779281616
3.336297035217285
5.535055160522461
2.4113125801086426
4.553396701812744
3.054795980453491
1.8844696283340454
5.170563697814941
2.356201648712158
3.454352855682373
2.5679965019226074
4.583870887756348
3.6416635513305664
4.033698558807373
4.6152663230896
3.9799458980560303
2.880554676055908
5.999220848083496
4.190402984619141
2.525221109390259
6.147833347320557
3.1250312328338623
3.4194517135620117
6.130391597747803
1.4465324878692627
3.683901786804199
1.145580530166626
3.1138548851013184
4.729811668395996
2.5160269737243652
4.188108921051025
3.7942073345184326
3.9515514373779297
1.3566765785217285
4.873716354370117
1.4451793432235718
2.361391067504883
1.417190432548523
0.9624830484390259
2.822968006134033
2.8453972339630127
1.9270415306091309
3.415864944458008
2.955815315246582
1.5175515413284302
3.2630436420440674
3.296940326690674
3.236762046813965
4.518447399139404
2.823962688446045
2.2299704551696777
1.5032222270965576
2.8579306602478027
3.3974344730377197
2.075429677963257
2.036940097808838
2.6138176918029785
3.667689800262451
4.695291042327881
2.614251136779785
3.4594078063964844
2.7279608249664307
2.5067992210388184
2.8433573246002197
3.461573600769043
2.029998779296875
2.2206532955169678
1.7280738353729248
2.93165922164917
2.5511484146118164
4.972599506378174
1.136385202407837
3.340956687927246
4.067543983459473
3.8562874794006348
2.987175464630127
2.6899263858795166
5.2480669021606445
2.195228338241577
3.8886561393737793
5.260286331176758
4.570493698120117
1.4842157363891602
3.404325246810913
5.616143226623535
2.0009570121765137
3.35229754447937
3.7068920135498047
5.830943584442139
3.165855646133423
4.405450820922852
2.981782913208008
2.158027410507202
3.979308843612671
4.636560440063477
3.580150604248047
3.7334840297698975
6.544473648071289
5.165876865386963
1.9494694471359253
4.394862174987793
6.875748157501221
7.41230583190918
1.9278843402862549
5.9058332443237305
8.456130981445312
4.250975608825684
3.073432683944702
6.1758575439453125
3.874251365661621
3.098381996154785
3.7876737117767334
6.565108776092529
3.309147596359253
1.9197508096694946
4.546410083770752
5.056783199310303
2.4669554233551025
3.145735263824463
4.499748229980469
1.9776890277862549
5.557685852050781
3.834768056869507
3.824552536010742
3.246868371963501
4.491145133972168
4.021450042724609
2.9096415042877197
3.126211166381836
4.120661735534668
4.452723979949951
2.9963693618774414
5.958408355712891
4.755491733551025
2.047506332397461
4.041427135467529
5.442487716674805
3.4272539615631104
11.21397590637207
4.669887542724609
2.5340487957000732
3.227287769317627
1.0873777866363525
2.0737550258636475
2.9074912071228027
7.005204200744629
2.319105863571167
3.4175918102264404
1.4808404445648193
3.0850746631622314
2.4353291988372803
2.25897479057312
2.6870696544647217
3.1677310466766357
2.7802062034606934
2.9531748294830322
3.082293748855591
3.261127471923828
1.5165860652923584
1.136977195739746
2.4684596061706543
2.468126058578491
2.254392623901367
4.098675727844238
3.1494717597961426
2.2336530685424805
3.945606231689453
3.94490909576416
3.7038331031799316
3.4093010425567627
3.4242939949035645
1.6160606145858765
2.435685634613037
3.346856117248535
2.9790291786193848
5.492788314819336
4.829591751098633
1.5203742980957031
3.636723041534424
2.967153549194336
2.2347192764282227
1.2571343183517456
5.019305229187012
3.6905672550201416
2.305962562561035
3.5711803436279297
2.4435291290283203
2.419419288635254
4.076321601867676
2.622093915939331
2.3323874473571777
3.1145401000976562
3.662997245788574
2.097263813018799
2.4529123306274414
4.319687366485596
3.2191619873046875
3.040210723876953
2.3462014198303223
2.9716055393218994
1.3820706605911255
3.1323304176330566
1.429417371749878
2.6629798412323
3.551635265350342
2.403857707977295
1.6766349077224731
2.0273690223693848
2.3406920433044434
2.9473652839660645
1.6999766826629639
1.7722105979919434
1.7156078815460205
2.2000296115875244
2.2984726428985596
1.6040786504745483
1.6948368549346924
2.639613151550293
1.1573995351791382
2.2992777824401855
2.8015923500061035
1.677288293838501
2.36588716506958
0.8628130555152893
2.431103229522705
1.647575855255127
3.156517505645752
2.616321563720703
1.9230756759643555
4.023765563964844
3.4340507984161377
2.9612324237823486
2.459003448486328
3.3482046127319336
1.6471645832061768
4.775234222412109
2.3153297901153564
3.050626754760742
3.002804756164551
4.153553009033203
3.492060661315918
2.6783344745635986
3.1025242805480957
3.3889856338500977
3.2103524208068848
2.2388885021209717
5.797710418701172
4.405757904052734
1.934662103652954
2.899796724319458
2.2990918159484863
4.804911136627197
1.334918737411499
3.0547378063201904
4.539859771728516
1.1966934204101562
3.4156405925750732
3.7464089393615723
1.778982400894165
2.8630146980285645
2.782994508743286
2.302720069885254
1.5946465730667114
2.872498035430908
2.228719711303711
4.0302886962890625
2.563154697418213
1.3543040752410889
2.3204894065856934
1.6723718643188477
1.9934638738632202
2.6614878177642822
2.2429685592651367
2.1544408798217773
1.2797589302062988
2.119797945022583
3.0076069831848145
1.493406057357788
2.476815938949585
2.5919148921966553
3.421114683151245
2.62497615814209
2.323678970336914
4.04920768737793
3.347676992416382
3.4993460178375244
5.637372016906738
1.3824286460876465
2.343928337097168
2.5241363048553467
2.7629339694976807
3.9094367027282715
2.2861409187316895
3.393345832824707
3.554694652557373
2.7518928050994873
3.6023662090301514
6.108415603637695
5.842961311340332
2.5415878295898438
3.2399330139160156
4.885630130767822
4.145305633544922
3.4360108375549316
4.871872425079346
2.7803966999053955
4.075069427490234
3.8251538276672363
3.7677464485168457
5.024377346038818
4.7851152420043945
2.4838311672210693
4.333136081695557
3.8171846866607666
4.307222843170166
2.7494730949401855
3.3781261444091797
3.477841377258301
3.8286612033843994
2.177022933959961
2.203434944152832
3.804286003112793
1.5458688735961914
2.935905694961548
1.3651461601257324
1.3120310306549072
1.1143317222595215
1.4776761531829834
1.8695509433746338
3.3136587142944336
1.9892873764038086
2.8794331550598145
3.0397140979766846
1.6832319498062134
1.4669934511184692
2.7674169540405273
1.9947896003723145
2.442647933959961
1.0201774835586548
3.4811806678771973
2.1762967109680176
2.4091105461120605
2.2024078369140625
1.4417953491210938
2.2860164642333984
4.802070617675781
3.8017287254333496
1.9536004066467285
4.887670516967773
5.4390058517456055
5.930619239807129
2.412233352661133
5.998007774353027
4.870021820068359
3.352445602416992
5.3749918937683105
3.922109603881836
2.529886245727539
5.192842483520508
2.551973342895508
4.524754524230957
3.2979955673217773
5.107124328613281
1.808654546737671
3.483687400817871
8.109508514404297
2.1162514686584473
8.197090148925781
7.3150715827941895
9.717094421386719
7.567530632019043
4.114375114440918
8.641538619995117
3.7728114128112793
3.2804956436157227
4.9418535232543945
4.992189884185791
5.152137279510498
3.7697324752807617
2.769558906555176
2.9179179668426514
3.570070743560791
6.722476959228516
1.862072467803955
4.732150077819824
3.0773258209228516
2.3708572387695312
4.992743015289307
2.7650556564331055
3.0006184577941895
4.178499698638916
2.038012981414795
7.215451240539551
3.8571109771728516
2.9221038818359375
4.2862725257873535
3.436707019805908
3.6822702884674072
4.411154270172119
2.741612434387207
2.0607755184173584
3.0136611461639404
2.4193613529205322
2.4332289695739746
3.6307694911956787
2.602867603302002
3.0081748962402344
2.5133748054504395
2.6240246295928955
4.126740455627441
3.614943027496338
2.8296375274658203
2.033679962158203
2.484365701675415
2.83304762840271
2.344890832901001
2.578289031982422
2.648386240005493
1.504467248916626
3.454106330871582
2.80051589012146
2.384053945541382
2.992534637451172
1.9949615001678467
5.6449480056762695
1.638166904449463
2.841937303543091
3.9308128356933594
2.455223798751831
4.979082107543945
4.666162014007568
2.582850933074951
5.104405403137207
2.32511043548584
4.68514347076416
5.676337242126465
6.4699859619140625
4.052955627441406
3.988029956817627
4.415670871734619
2.4397053718566895
2.5997323989868164
2.130746364593506
2.0479769706726074
1.940798044204712
2.0587706565856934
1.555342674255371
2.550945281982422
2.698829174041748
2.976595401763916
1.4347690343856812
2.6299986839294434
1.9308340549468994
2.397193670272827
1.9652225971221924
1.8118994235992432
1.3080768585205078
2.9410400390625
2.0117263793945312
2.4240407943725586
2.080526828765869
3.0790839195251465
1.1725244522094727
2.4389379024505615
5.264781951904297
0.8098310828208923
4.947294235229492
5.404233932495117
2.4813828468322754
2.9595208168029785
3.158167839050293
2.176401138305664
1.9534927606582642
1.7380609512329102
2.1918320655822754
3.445983648300171
2.612273693084717
2.4266538619995117
2.12141489982605
3.1862564086914062
2.460055351257324
2.5070672035217285
4.18817663192749
2.1219656467437744
2.5540719032287598
1.580030083656311
2.516077995300293
2.233384609222412
1.5581316947937012
2.395594596862793
2.174612522125244
2.8793957233428955
2.1464195251464844
3.6973509788513184
2.779092788696289
3.806781768798828
1.531148910522461
7.615747451782227
4.646488189697266
2.3227200508117676
1.8776841163635254
4.348065376281738
3.005061149597168
4.649568557739258
3.675870418548584
2.1700010299682617
3.9003005027770996
3.82875919342041
4.863772869110107
2.801912307739258
4.035288333892822
2.2341153621673584
3.3760569095611572
4.385690212249756
1.3835334777832031
5.0081048011779785
4.308858394622803
2.4180617332458496
5.562003135681152
4.139111518859863
2.8877921104431152
5.720693588256836
1.6036657094955444
3.156245470046997
4.073502540588379
2.381197690963745
3.5200560092926025
2.920888900756836
6.209383487701416
5.295581817626953
4.70355224609375
4.343449115753174
5.475785255432129
2.0111770629882812
2.6868205070495605
3.3893096446990967
2.2418761253356934
2.9233815670013428
2.7356438636779785
3.0421695709228516
2.7706170082092285
2.219418525695801
2.729191303253174
3.158036947250366
2.0840046405792236
1.1883208751678467
2.9917855262756348
3.043605327606201
2.5690064430236816
4.829188346862793
3.533311367034912
2.543534755706787
1.6590509414672852
2.202110767364502
3.2362284660339355
2.2398624420166016
2.696928024291992
4.5239715576171875
2.4657142162323
3.7126448154449463
1.9454210996627808
3.7635912895202637
3.4491214752197266
1.7379343509674072
4.415470123291016
2.8601155281066895
5.2260050773620605
3.6556637287139893
3.2854933738708496
3.4432260990142822
3.0330514907836914
2.0473484992980957
4.556624412536621
2.3144021034240723
3.3848912715911865
4.327277183532715
3.696263551712036
4.023139476776123
2.644350051879883
3.8196239471435547
3.6529548168182373
2.0020029544830322
3.894425868988037
4.297204971313477
2.0302300453186035
2.147827625274658
2.4178762435913086
2.3285655975341797
1.3113402128219604
1.5804193019866943
1.5663814544677734
1.4504992961883545
1.1218485832214355
3.874544143676758
1.5045675039291382
2.9907407760620117
2.0706067085266113
1.2928342819213867
2.22487735748291
3.346099853515625
1.5938422679901123
2.3448636531829834
2.1969258785247803
3.484189510345459
2.5671613216400146
2.201862096786499
3.297424077987671
1.373361587524414
2.355084180831909
2.4750733375549316
5.846232891082764
3.740741729736328
2.6724777221679688
4.122556686401367
4.296283721923828
4.447561264038086
2.2317655086517334
2.2346718311309814
2.9053006172180176
2.924262046813965
2.9014861583709717
2.4503540992736816
2.406540870666504
2.3657000064849854
3.0774686336517334
2.7102627754211426
1.4035098552703857
1.800534725189209
2.670138359069824
2.0474791526794434
1.1318455934524536
2.293511152267456
1.7546918392181396
2.029632806777954
1.2784557342529297
1.696686029434204
2.527592182159424
1.5985486507415771
2.7766928672790527
4.253475189208984
2.1593074798583984
3.1984305381774902
3.623927116394043
2.138409376144409
3.0589699745178223
1.1512374877929688
2.4932446479797363
1.0420717000961304
1.5653337240219116
1.9187928438186646
2.3994040489196777
1.719826579093933
2.873948097229004
2.1522374153137207
1.3626112937927246
5.203513145446777
1.8932703733444214
2.8769264221191406
1.3183311223983765
2.513155221939087
2.6854491233825684
3.0341382026672363
2.3888094425201416
5.028868198394775
5.199318885803223
3.6888113021850586
2.9564316272735596
5.053805351257324
3.854340076446533
2.20359206199646
3.356821298599243
2.510382652282715
3.057457447052002
1.9595571756362915
3.4004790782928467
2.0147573947906494
2.876375436782837
2.311755657196045
4.382786750793457
2.1353516578674316
2.5329983234405518
2.5715994834899902
1.7846622467041016
4.934440612792969
2.5740156173706055
3.3592493534088135
2.1356453895568848
2.5354788303375244
2.828113555908203
1.6332440376281738
3.533991813659668
3.483708620071411
1.9190129041671753
2.650912284851074
2.70796537399292
2.6159353256225586
2.5508017539978027
1.8856279850006104
5.010017395019531
3.2248969078063965
3.3489792346954346
5.0454301834106445
4.950804233551025
3.378338098526001
3.5434703826904297
5.741572380065918
5.901136875152588
3.7031915187835693
2.332883834838867
6.4222211837768555
5.077775955200195
2.360095977783203
3.160329818725586
3.633437156677246
2.1282289028167725
2.424868583679199
3.43599534034729
2.2003493309020996
2.6803138256073
2.9267306327819824
2.533186674118042
2.5497829914093018
1.3080122470855713
1.9424068927764893
2.9285879135131836
3.205037832260132
2.7242941856384277
2.488102436065674
1.2862861156463623
1.500423789024353
1.047032356262207
1.868696689605713
2.1450066566467285
2.0062170028686523
1.5915390253067017
0.8778059482574463
1.7774232625961304
2.0298662185668945
3.2503931522369385
1.113518476486206
4.136690139770508
1.9335068464279175
1.1091456413269043
2.4315459728240967
1.7103041410446167
2.6631932258605957
5.464337348937988
3.4313244819641113
8.444595336914062
5.041559219360352
4.870414733886719
5.847778797149658
4.572066307067871
2.0594749450683594
2.408176898956299
3.6510698795318604
1.4979133605957031
3.776228904724121
3.2567105293273926
2.2290196418762207
6.187508583068848
2.438264846801758
2.7560620307922363
3.2611236572265625
2.6957170963287354
2.929189682006836
2.2854111194610596
4.1098222732543945
2.7175679206848145
2.8338708877563477
3.352133274078369
2.055657386779785
2.5518863201141357
2.6092469692230225
4.783509254455566
4.150616645812988
2.8182356357574463
4.635988712310791
3.172577142715454
4.430137634277344
6.506415367126465
5.107453346252441
1.865849256515503
3.6119651794433594
3.770040512084961
3.371049165725708
1.7430895566940308
2.405547618865967
1.9167429208755493
1.9650206565856934
2.175126552581787
2.1505014896392822
1.5415529012680054
2.650566816329956
1.4720585346221924
2.0287716388702393
2.796221971511841
0.9715505838394165
2.3279366493225098
1.387432336807251
2.224024772644043
1.5074478387832642
1.4435796737670898
4.927656650543213
3.343048572540283
1.8235303163528442
2.1267333030700684
2.1325137615203857
3.3440892696380615
2.6079602241516113
2.9819376468658447
1.3935208320617676
2.874281644821167
3.892213821411133
2.3770523071289062
2.907970428466797
3.3968911170959473
2.7337262630462646
2.4555728435516357
2.2518222332000732
2.9148311614990234
1.759432077407837
4.087181091308594
3.6701676845550537
2.3778018951416016
3.4126784801483154
3.33925199508667
1.8915636539459229
4.473983287811279
3.1825320720672607
2.0113282203674316
3.5893936157226562
3.2018518447875977
3.0792722702026367
3.644692897796631
2.132571220397949
2.548585891723633
3.109743595123291
2.6684117317199707
3.4655401706695557
1.938542127609253
2.287801742553711
3.4709088802337646
2.055185317993164
1.9644684791564941
1.4180117845535278
1.3065319061279297
3.938145637512207
1.9411084651947021
2.505572557449341
2.061342477798462
3.48138427734375
2.9674360752105713
2.653914451599121
4.367325782775879
2.505110740661621
3.0724430084228516
3.387213945388794
3.9334216117858887
2.7926883697509766
5.321680068969727
3.625364303588867
2.629159450531006
6.305951118469238
7.195149898529053
4.059630870819092
5.231684684753418
5.014342784881592
4.874531269073486
3.029144048690796
4.342973709106445
3.22493839263916
2.3994622230529785
3.7472856044769287
5.016606330871582
4.193485260009766
4.805905342102051
2.4066779613494873
4.633245944976807
3.585756540298462
4.153179168701172
1.9456939697265625
1.898335337638855
1.6978049278259277
2.1219234466552734
2.3751838207244873
2.405951499938965
1.7502986192703247
2.2508022785186768
2.3544764518737793
1.593355417251587
2.3854568004608154
2.281508684158325
1.7242538928985596
4.0684919357299805
2.0146384239196777
2.1098313331604004
2.932541608810425
1.8121893405914307
2.208299160003662
3.8397960662841797
2.088062286376953
1.7174080610275269
3.2326135635375977
2.9491872787475586
2.6460413932800293
3.771162986755371
2.9325690269470215
1.8002809286117554
3.1905226707458496
1.5421526432037354
1.7589107751846313
3.007688522338867
1.820660948753357
1.854792833328247
1.7406625747680664
1.2640743255615234
2.972141742706299
2.709408760070801
1.665826439857483
2.3715412616729736
2.5591821670532227
2.1596322059631348
1.9035249948501587
2.7562437057495117
3.231008291244507
2.8528571128845215
2.8177878856658936
1.358612298965454
2.126798629760742
2.550403356552124
1.8310792446136475
4.708538055419922
2.039685010910034
6.582704544067383
2.2138891220092773
4.47109842300415
4.577054023742676
2.1677353382110596
1.7111799716949463
2.282790184020996
3.1045796871185303
3.50589656829834
2.2656383514404297
5.302865028381348
3.9600400924682617
3.52313232421875
5.1621294021606445
4.2365312576293945
3.113877534866333
3.2987146377563477
2.0964255332946777
1.113743543624878
1.960597038269043
1.8404179811477661
1.3161451816558838
1.8444042205810547
2.039731979370117
1.9355361461639404
2.436002731323242
1.8973294496536255
1.8476967811584473
2.50286602973938
1.99847412109375
3.761979818344116
2.3384954929351807
2.1353883743286133
3.1426455974578857
5.840998649597168
3.857910394668579
2.0174999237060547
2.475006580352783
2.2281980514526367
3.3608665466308594
2.915116310119629
2.3996171951293945
2.3895816802978516
3.140310764312744
3.129305839538574
2.476539134979248
2.1255686283111572
4.405531883239746
3.9912967681884766
1.8516626358032227
3.8507370948791504
1.5809922218322754
3.197939872741699
3.228484869003296
3.4199774265289307
2.651242256164551
3.296726703643799
5.72221565246582
3.5147881507873535
2.324787139892578
5.20099401473999
4.837893009185791
1.4961847066879272
2.412592649459839
8.729829788208008
2.455949068069458
6.191510200500488
2.6260995864868164
2.855898380279541
2.646543025970459
3.433295965194702
2.862999200820923
4.412283897399902
3.3429222106933594
2.3805148601531982
2.9449615478515625
1.6361792087554932
2.681962013244629
2.7673561573028564
1.5787265300750732
2.610128402709961
2.5675954818725586
2.9465107917785645
1.7576539516448975
1.626389980316162
1.8347620964050293
1.4619982242584229
1.6624542474746704
2.789055585861206
2.9768176078796387
1.9441874027252197
1.9188487529754639
4.447637557983398
2.1869378089904785
1.5395046472549438
2.6069579124450684
1.0719956159591675
2.1638853549957275
1.5389710664749146
3.1635727882385254
2.5658984184265137
3.131122589111328
3.0258045196533203
2.378175973892212
3.3857102394104004
3.323746681213379
2.375375747680664
2.2937095165252686
2.394611358642578
1.6343544721603394
2.50685453414917
2.8453311920166016
2.2417566776275635
1.7013969421386719
2.345719337463379
1.6934105157852173
1.8553909063339233
2.072150468826294
1.8634217977523804
1.7289319038391113
1.507418155670166
2.529572010040283
2.1579856872558594
1.6007413864135742
1.5739874839782715
2.5126214027404785
3.6365795135498047
2.6571643352508545
2.687689781188965
1.569530963897705
2.5896189212799072
3.9443676471710205
2.345303535461426
4.255405902862549
2.8450865745544434
2.3306221961975098
4.097923278808594
3.5858612060546875
4.839228630065918
4.844923973083496
4.487636566162109
1.885451078414917
5.565586090087891
7.1428542137146
2.3889570236206055
4.675814151763916
3.58750319480896
2.645092010498047
3.4907290935516357
1.798285961151123
1.2495290040969849
2.187502861022949
3.7962803840637207
0.8921753168106079
2.7093889713287354
2.372854471206665
1.2497072219848633
3.3280739784240723
2.608184814453125
3.6341145038604736
2.741117000579834
2.531259536743164
2.090268850326538
2.1246285438537598
2.330271005630493
2.9270167350769043
2.661484718322754
2.069767475128174
3.3128223419189453
3.0927491188049316
3.178396701812744
2.043092727661133
2.1625397205352783
2.49457049369812
2.230238914489746
2.3946359157562256
3.476031541824341
2.7330498695373535
5.6352996826171875
1.750481367111206
1.8200440406799316
4.272735595703125
3.631503105163574
2.1751723289489746
1.8654309511184692
3.4356331825256348
4.35115909576416
3.3498334884643555
2.219670534133911
3.535815715789795
2.4113030433654785
3.320375442504883
3.0069172382354736
3.8821539878845215
1.943847894668579
4.972978591918945
2.14992094039917
1.1628947257995605
4.847303867340088
2.5081899166107178
6.375136375427246
2.4149632453918457
1.3997998237609863
4.0122904777526855
4.059455871582031
2.552133083343506
2.002246379852295
2.7413876056671143
1.261669635772705
1.3764290809631348
2.174130916595459
1.4115067720413208
3.6564106941223145
2.6312997341156006
1.4425487518310547
3.1516942977905273
2.7428226470947266
1.3182708024978638
3.7991859912872314
1.9320430755615234
3.8436760902404785
2.668325662612915
2.4132132530212402
6.709611892700195
4.902050018310547
4.02003288269043
11.154083251953125
10.115635871887207
3.639301061630249
5.123492240905762
5.904417991638184
3.1101419925689697
3.858281135559082
6.6689581871032715
2.6283369064331055
3.245134115219116
1.9242467880249023
1.5206369161605835
1.9974685907363892
3.243993043899536
7.155180931091309
2.467215061187744
4.033404350280762
3.6129324436187744
5.044893741607666
1.3409584760665894
1.7552248239517212
1.8748397827148438
2.098623752593994
3.22294020652771
2.520773410797119
2.760176420211792
1.8955209255218506
2.448669910430908
2.1977734565734863
3.7033228874206543
1.83251953125
3.624844551086426
3.8976473808288574
3.511082649230957
2.5032105445861816
3.7301621437072754
4.677986145019531
4.612836837768555
2.843949317932129
1.3830727338790894
3.2605974674224854
4.275725364685059
4.8295578956604
4.322835922241211
3.8288631439208984
5.010031700134277
2.5356359481811523
3.6582138538360596
2.9755399227142334
2.7697458267211914
4.739890098571777
1.8488316535949707
2.4062533378601074
4.129394054412842
4.313083171844482
2.4325013160705566
2.7558975219726562
4.302657604217529
4.777507305145264
4.452693462371826
5.811269760131836
4.610156059265137
6.288125514984131
7.772037506103516
6.682397365570068
4.063267230987549
2.6754579544067383
7.351010322570801
6.31492805480957
1.6129252910614014
8.37828254699707
4.219455718994141
2.7102041244506836
2.453052043914795
1.6329121589660645
2.9063735008239746
2.446664810180664
1.9970589876174927
2.874072790145874
4.581128120422363
2.040266275405884
4.366290092468262
1.318392038345337
2.3347339630126953
2.3943979740142822
3.07623028755188
5.804091453552246
1.094101905822754
3.7087221145629883
2.168196678161621
2.7765088081359863
2.6246957778930664
1.6122621297836304
1.8893489837646484
2.472447633743286
2.2308349609375
1.410721778869629
1.4844709634780884
2.866572856903076
1.7363691329956055
1.603744387626648
2.7673938274383545
2.3763222694396973
2.720782518386841
3.737406015396118
2.9102654457092285
2.255247116088867
4.155900001525879
2.9980640411376953
1.9805078506469727
3.1548309326171875
1.9213247299194336
3.085712432861328
1.57744562625885
1.576464056968689
1.5967869758605957
1.2994987964630127
2.392578363418579
2.178274393081665
4.581535339355469
1.5932059288024902
3.51998233795166
2.230403423309326
2.582592010498047
3.8678219318389893
2.291107177734375
5.326241493225098
4.758566379547119
2.2980833053588867
4.858241081237793
5.493040084838867
5.948879718780518
4.115690231323242
6.778011322021484
3.7476837635040283
2.6427440643310547
7.300570964813232
3.4429779052734375
1.518399953842163
4.231227874755859
3.4320385456085205
2.4124271869659424
2.852686643600464
2.5921967029571533
2.9489407539367676
4.807811737060547
2.348606586456299
5.276269435882568
3.8525948524475098
1.417133092880249
4.676004886627197
6.068656921386719
1.897360920906067
6.556219100952148
3.7339911460876465
2.53031587600708
3.065096855163574
4.042243480682373
1.8123199939727783
1.8819165229797363
3.7533740997314453
2.3438994884490967
1.5143086910247803
1.9061311483383179
1.4597276449203491
1.2327358722686768
1.8605296611785889
1.9264346361160278
2.1433823108673096
2.186047077178955
1.1983351707458496
2.983555793762207
0.929948091506958
2.931033134460449
1.4417804479599
2.6837329864501953
2.681366443634033
1.8907569646835327
1.7562670707702637
1.2613976001739502
2.4843053817749023
1.2718310356140137
1.9630016088485718
3.0659706592559814
1.162890911102295
2.145329475402832
3.3792238235473633
1.6006419658660889
2.6757798194885254
1.8479927778244019
4.997282981872559
2.971917152404785
3.1148934364318848
4.753890037536621
2.641028881072998
3.2851576805114746
1.3524696826934814
3.113554000854492
4.341548919677734
2.4174633026123047
3.3760013580322266
4.366390228271484
2.0818214416503906
2.163046360015869
4.293649196624756
2.8503048419952393
5.815502643585205
1.7540390491485596
2.6520683765411377
1.8856264352798462
1.944707989692688
2.212345600128174
5.050451278686523
3.91105055809021
2.503246784210205
2.616415500640869
3.148597478866577
2.36106276512146
4.632816314697266
1.750162124633789
3.5064644813537598
4.885382175445557
5.374874114990234
2.2244949340820312
5.450377464294434
4.685274124145508
3.633641481399536
4.932598114013672
5.444976806640625
3.0944948196411133
5.206306457519531
4.2900519371032715
2.1592512130737305
