17676.44921875
9180.2431640625
271.2055969238281
61.11552047729492
51.52467346191406
48.68746566772461
53.78125
56.125
60.6875
57.65625
54.0625
57.875
58.53125
59.375
58.34375
49.625
59.46875
69.03125
62.875
53.84375
51.8125
71.34375
71.75
60.90625
45.03125
55.53125
61.125
68.4375
65.125
62.28125
79.5
56.09375
53.03125
59.59375
53.625
60.75
60.96875
47.28125
58.375
51.59375
50.28125
63.96875
57.125
46.6875
56.34375
66.25
64.71875
68.15625
64.25
59.0
51.0625
44.9375
62.09375
61.78125
56.3125
54.09375
66.59375
60.03125
61.25
61.5625
53.09375
62.09375
58.71875
70.0
58.0
68.6875
65.0625
71.4375
46.6875
48.5
60.53125
59.125
55.46875
58.5
47.5
48.96875
68.4375
62.6875
59.46875
50.375
60.25
82.46875
55.53125
59.21875
61.59375
49.8125
55.65625
58.3125
51.46875
74.53125
61.71875
51.40625
63.375
43.21875
63.8125
56.3125
61.5625
61.40625
54.21875
45.5
47.5
45.25
56.59375
46.8125
46.9375
73.5625
54.90625
44.5
64.96875
53.96875
40.78125
42.9375
54.53125
68.6875
62.3125
50.8125
65.46875
56.875
54.46875
47.875
48.9375
62.375
76.28125
75.78125
60.1875
59.03125
66.40625
76.03125
66.1875
44.21875
64.6875
44.0
51.09375
66.15625
55.3125
50.375
58.375
74.6875
72.15625
58.0
71.8125
52.59375
67.46875
55.28125
62.1875
40.0625
65.5625
54.75
68.5
70.0625
71.0
47.4375
71.5
64.03125
46.46875
64.625
64.0625
59.0
43.65625
53.15625
61.96875
62.125
45.65625
68.875
54.90625
48.3125
66.21875
56.53125
63.1875
56.9375
51.375
55.5625
57.84375
55.75
47.15625
56.53125
47.5625
52.96875
49.9375
57.5625
67.65625
52.875
60.6875
55.125
62.5625
47.40625
47.125
56.59375
60.0625
66.46875
53.40625
86.6875
62.875
56.0
63.84375
51.59375
65.53125
75.5
65.625
65.5625
41.28125
64.78125
55.65625
59.03125
48.4375
65.4375
50.6875
73.25
54.84375
53.8125
55.59375
66.53125
46.875
64.53125
66.3125
51.1875
53.5625
69.78125
55.34375
57.0
60.53125
45.78125
48.34375
41.3125
62.78125
73.375
63.09375
54.875
61.59375
66.1875
65.625
67.0625
68.6875
49.5
55.5625
56.46875
60.3125
69.1875
54.5625
66.84375
56.53125
56.34375
57.25
54.59375
69.75
72.3125
58.71875
49.71875
44.875
59.875
62.65625
67.40625
49.9375
57.34375
62.75
65.625
69.71875
61.625
64.375
48.46875
52.0625
55.28125
67.1875
59.03125
80.59375
57.53125
57.125
69.875
59.3125
41.0625
56.78125
62.90625
53.78125
50.4375
51.125
60.25
60.65625
55.125
57.125
61.96875
59.75
44.03125
60.90625
56.75
64.3125
56.1875
59.71875
60.90625
56.0
46.21875
56.5
46.71875
48.875
47.53125
67.9375
64.28125
78.15625
53.84375
57.96875
58.0625
48.375
60.71875
51.5
52.8125
58.96875
59.21875
53.9375
52.3125
47.59375
59.34375
57.46875
52.78125
45.34375
74.0
73.71875
70.3125
49.96875
49.03125
53.5
59.40625
62.46875
48.125
60.25
64.3125
68.09375
57.84375
59.9375
55.71875
49.9375
59.78125
58.8125
43.65625
58.5
64.90625
52.125
56.25
41.71875
60.125
65.375
56.5625
75.46875
75.65625
62.65625
66.8125
71.34375
48.0
53.6875
68.90625
64.125
60.46875
58.59375
64.40625
58.75
51.03125
57.8125
56.46875
54.875
55.4375
51.90625
52.5625
62.84375
52.53125
53.3125
56.15625
69.90625
53.90625
66.46875
64.125
51.75
50.90625
58.78125
68.71875
46.96875
57.5625
58.84375
56.90625
57.9375
52.34375
54.25
50.4375
52.875
50.0
62.71875
56.46875
55.9375
72.5625
70.5625
69.59375
44.03125
65.46875
71.0625
57.375
62.8125
69.0625
61.4375
57.5
42.625
67.5625
65.5625
58.1875
51.25
56.8125
61.0
51.65625
61.09375
63.1875
48.34375
60.84375
59.15625
60.9375
52.1875
48.5
56.625
55.625
54.75
56.59375
50.90625
62.8125
58.875
68.21875
56.34375
61.03125
60.40625
63.0625
58.125
49.4375
49.84375
56.6875
78.71875
47.5
57.03125
71.125
63.875
58.375
57.9375
55.8125
69.78125
65.46875
49.0625
72.21875
51.1875
62.1875
61.59375
60.46875
58.9375
57.34375
55.71875
61.59375
50.40625
59.53125
69.0625
50.96875
53.0
66.46875
54.0
68.0625
68.84375
56.5
57.5
65.8125
59.8125
65.21875
57.46875
64.15625
51.84375
53.75
70.40625
61.0625
58.03125
46.6875
60.3125
43.34375
56.53125
54.96875
73.1875
59.09375
67.5625
37.375
67.34375
51.21875
57.46875
66.59375
57.375
63.59375
59.65625
64.28125
51.71875
59.5625
58.0625
46.46875
48.5
65.71875
50.65625
65.3125
47.40625
67.46875
45.96875
52.625
61.40625
63.59375
56.9375
68.5
60.65625
59.125
60.28125
56.0625
54.0625
72.0
46.4375
50.5
57.15625
68.21875
56.53125
45.03125
50.875
59.0
65.90625
55.71875
55.34375
54.34375
48.5
55.25
59.40625
46.78125
57.75
69.5625
59.5
62.9375
51.15625
73.65625
43.03125
61.28125
68.84375
48.5625
72.0
52.5625
61.53125
57.9375
63.6875
69.875
59.96875
53.53125
50.28125
61.0625
52.71875
67.875
62.6875
59.4375
65.71875
52.90625
53.90625
53.875
54.9375
55.3125
70.5625
58.3125
65.875
53.96875
63.71875
41.8125
62.8125
46.84375
56.28125
61.21875
72.5
62.125
53.5625
53.625
56.5
50.3125
76.5625
65.75
52.03125
52.78125
43.1875
52.3125
66.9375
57.46875
69.65625
52.59375
70.75
60.25
40.0625
57.4375
55.625
65.9375
70.03125
63.75
62.90625
58.90625
67.5
56.0
66.75
57.1875
53.375
68.75
49.65625
54.1875
50.0
58.28125
51.71875
41.625
66.75
55.46875
59.1875
57.46875
40.75
70.4375
49.90625
57.40625
51.34375
81.625
48.625
59.59375
68.25
60.59375
72.09375
73.59375
61.53125
64.40625
70.125
60.875
55.28125
56.0
51.09375
52.40625
52.875
49.375
61.71875
57.46875
47.90625
53.75
52.09375
63.53125
59.125
62.65625
57.4375
62.3125
51.1875
62.40625
66.03125
45.4375
65.0
64.28125
70.53125
45.875
68.21875
52.03125
55.65625
59.28125
58.9375
55.4375
63.03125
56.375
58.8125
64.75
70.03125
61.625
51.28125
54.5625
43.875
48.40625
57.59375
78.625
49.4375
55.71875
50.6875
53.46875
60.0
57.5
49.25
62.59375
53.78125
48.0625
63.46875
54.34375
71.28125
51.84375
63.65625
58.625
51.0625
51.0
59.78125
51.375
72.375
59.4375
51.4375
54.375
55.6875
65.5
56.8125
55.4375
47.71875
63.46875
64.5
81.46875
59.96875
64.8125
56.96875
71.625
55.875
69.625
45.6875
71.71875
59.65625
57.4375
53.0625
53.03125
45.8125
59.59375
58.40625
53.25
57.40625
53.625
52.9375
61.84375
54.59375
51.46875
60.1875
67.0625
63.1875
48.875
79.71875
54.65625
56.25
54.90625
44.125
58.375
54.4375
66.34375
62.625
53.96875
50.5
49.84375
65.65625
71.375
64.34375
55.15625
61.34375
71.75
56.40625
60.21875
69.3125
55.75
47.4375
57.1875
50.1875
62.65625
56.84375
75.125
44.53125
59.875
71.78125
61.40625
53.46875
49.5625
61.5625
72.625
46.9375
47.375
56.65625
52.8125
59.59375
69.03125
65.28125
63.4375
52.375
53.9375
59.9375
58.125
51.09375
60.59375
64.65625
58.125
56.8125
63.15625
57.84375
49.21875
49.25
75.5625
47.90625
59.3125
60.875
50.0625
55.125
64.1875
55.6875
57.5
44.625
81.1875
56.40625
45.40625
66.375
65.96875
66.125
57.9375
59.78125
70.03125
50.6875
63.78125
63.03125
53.4375
57.84375
42.90625
62.1875
58.125
38.28125
54.78125
72.59375
53.09375
59.40625
66.65625
54.40625
46.4375
50.15625
47.15625
67.96875
55.78125
55.21875
58.9375
60.21875
63.375
52.96875
62.59375
56.25
60.0625
78.375
61.78125
58.53125
56.0
64.46875
64.59375
54.96875
55.21875
57.84375
53.90625
58.84375
62.71875
65.84375
61.53125
48.1875
68.0625
56.15625
58.96875
66.84375
53.84375
70.53125
56.03125
53.34375
63.65625
57.25
60.15625
51.34375
49.71875
49.125
64.65625
46.84375
52.96875
53.5625
59.78125
61.15625
52.375
42.3125
57.09375
71.5625
72.3125
52.71875
62.34375
69.9375
64.09375
61.21875
55.15625
61.75
48.28125
58.75
55.25
63.46875
58.5625
59.625
52.25
58.375
56.9375
51.6875
69.5625
61.5
49.9375
61.0625
62.46875
80.46875
54.03125
60.5
55.21875
67.75
47.59375
52.9375
57.90625
59.8125
55.5625
66.5625
66.03125
47.3125
52.21875
43.28125
64.3125
68.75
50.4375
41.21875
62.375
38.4375
51.15625
68.9375
70.90625
58.1875
61.15625
59.625
55.1875
67.1875
65.6875
68.59375
69.4375
63.34375
54.8125
61.90625
71.59375
57.0
58.5
52.3125
53.875
52.78125
67.9375
52.40625
66.375
57.71875
48.15625
58.9375
52.46875
66.6875
55.96875
58.34375
51.625
59.90625
64.8125
47.875
62.78125
62.5
46.0
69.09375
54.28125
58.25
68.65625
48.75
43.625
58.40625
60.21875
55.4375
57.625
46.71875
58.15625
62.28125
45.0625
53.5625
59.875
68.34375
57.9375
52.4375
74.09375
52.9375
50.8125
55.34375
55.21875
54.0625
53.4375
59.625
63.15625
70.0625
66.125
64.75
54.5625
63.28125
50.03125
60.1875
58.46875
67.0625
61.875
67.3125
52.625
43.65625
63.25
67.5
60.46875
75.8125
68.0
63.40625
58.90625
61.5
74.46875
62.96875
43.03125
60.96875
36.25
74.8125
56.28125
59.90625
61.9375
52.0625
46.65625
66.71875
39.4375
49.90625
53.46875
74.78125
47.59375
61.65625
63.09375
48.21875
56.5
55.375
64.40625
71.75
61.1875
85.9375
61.125
60.125
61.65625
55.9375
59.0
63.3125
61.375
47.8125
51.96875
62.78125
45.0625
61.8125
66.59375
70.8125
56.15625
60.15625
51.875
62.03125
62.375
55.28125
62.09375
49.8125
56.65625
55.75
47.53125
49.09375
51.0
54.53125
63.28125
56.8125
53.6875
59.34375
66.25
52.34375
59.59375
53.65625
64.3125
65.78125
57.09375
55.84375
63.125
55.15625
60.65625
39.40625
55.4375
50.65625
61.40625
48.75
61.03125
61.21875
58.375
55.625
59.90625
47.3125
61.40625
55.125
67.0625
60.09375
63.5
63.65625
55.28125
58.09375
56.40625
83.625
59.90625
66.0
44.9375
56.21875
54.71875
65.84375
63.09375
68.65625
59.78125
55.46875
46.875
45.4375
58.75
77.21875
50.40625
47.8125
56.8125
58.75
61.09375
76.3125
59.4375
59.84375
55.125
55.71875
61.75
56.28125
61.9375
67.9375
59.875
54.625
58.75
41.96875
57.40625
65.84375
65.75
61.8125
46.6875
54.0625
56.6875
46.46875
55.03125
72.3125
53.21875
49.96875
67.71875
65.3125
49.84375
62.28125
69.9375
52.65625
58.59375
54.15625
70.5
61.78125
57.1875
73.125
64.34375
35.0
48.40625
53.4375
77.46875
51.46875
60.6875
59.5625
46.46875
64.5625
54.03125
70.8125
74.875
58.28125
51.03125
59.09375
75.96875
62.0
33.8125
57.6875
54.90625
58.8125
55.65625
51.15625
58.65625
51.15625
54.8125
59.09375
54.875
69.15625
71.75
50.5625
56.28125
79.15625
65.0
56.0
60.65625
47.53125
68.5625
59.9375
59.1875
56.8125
63.0625
61.65625
48.40625
54.25
68.59375
43.71875
50.84375
75.46875
48.4375
54.75
64.3125
55.125
57.84375
57.96875
55.875
46.8125
55.40625
64.09375
59.9375
58.0
62.25
65.03125
57.40625
65.28125
58.625
62.84375
45.40625
54.96875
53.78125
64.1875
51.09375
61.625
65.9375
63.65625
57.4375
61.875
45.8125
46.53125
46.25
55.71875
61.21875
57.1875
60.3125
63.28125
72.75
62.46875
53.4375
51.90625
61.125
56.875
49.90625
58.96875
71.0
68.75
58.875
60.6875
50.8125
59.3125
63.59375
57.71875
68.875
58.1875
44.8125
64.4375
53.09375
53.21875
53.375
60.53125
48.46875
44.46875
67.15625
54.375
61.75
59.625
46.40625
56.09375
64.125
67.5
65.71875
62.15625
50.4375
54.625
56.65625
64.40625
71.71875
57.875
53.46875
69.90625
59.0625
78.5
62.9375
50.1875
60.78125
62.8125
57.03125
55.875
57.84375
66.125
56.84375
61.8125
67.34375
53.1875
51.4375
57.28125
41.84375
61.53125
55.59375
63.90625
57.46875
51.71875
42.4375
59.15625
46.03125
56.84375
59.21875
63.84375
65.96875
53.5
64.4375
58.21875
64.6875
58.53125
69.5
58.0625
41.0
53.6875
57.5625
56.46875
57.5
53.09375
69.03125
63.03125
51.71875
63.59375
48.90625
59.03125
67.125
61.21875
59.125
61.09375
56.53125
60.0
61.375
48.375
46.0
62.5625
56.71875
63.125
60.9375
60.25
51.75
63.5625
68.25
50.15625
61.84375
54.53125
63.8125
79.125
52.59375
60.4375
56.3125
60.8125
52.0625
57.3125
53.96875
54.84375
57.4375
51.5
44.25
55.625
50.40625
63.03125
57.53125
55.65625
50.4375
41.28125
63.6875
62.84375
47.8125
57.28125
50.3125
47.6875
60.21875
51.375
60.125
51.90625
72.875
59.9375
60.53125
53.5
57.46875
63.03125
64.375
53.0625
56.21875
52.71875
56.875
56.0625
60.46875
62.9375
57.65625
46.28125
70.0625
73.9375
58.0
76.15625
52.28125
59.125
62.65625
64.53125
60.90625
72.9375
47.96875
61.25
74.46875
62.9375
66.25
57.875
63.21875
50.59375
46.1875
53.375
62.46875
50.78125
49.09375
70.96875
64.375
70.09375
57.46875
58.5
48.6875
59.375
55.0625
54.75
56.78125
63.34375
52.65625
46.71875
72.1875
51.84375
57.0
55.40625
58.21875
64.21875
57.5
58.25
76.40625
58.53125
65.25
66.6875
67.65625
56.375
50.09375
54.09375
58.8125
78.71875
51.46875
50.09375
57.53125
60.625
57.4375
72.53125
61.25
48.0625
55.625
47.46875
59.71875
61.15625
61.6875
52.28125
53.8125
64.0625
60.0625
66.5625
61.8125
50.75
69.34375
65.15625
63.03125
63.40625
58.75
43.40625
60.46875
59.75
65.1875
54.5
71.71875
57.90625
59.53125
69.15625
51.03125
68.71875
50.53125
55.59375
54.09375
46.5
53.09375
59.1875
53.71875
59.1875
67.34375
54.9375
51.65625
57.78125
57.53125
60.3125
50.15625
64.65625
65.71875
48.96875
61.28125
59.96875
50.40625
51.875
66.09375
55.375
56.125
55.3125
54.59375
52.625
50.09375
56.5625
47.6875
63.875
56.03125
60.25
67.84375
49.375
62.59375
64.1875
60.75
54.5
68.5625
66.59375
56.84375
58.21875
62.625
57.0
52.78125
45.46875
55.5
54.46875
74.28125
61.75
52.21875
77.625
48.5
41.90625
58.90625
64.09375
58.28125
56.4375
57.40625
52.4375
58.0
71.375
71.28125
51.125
60.6875
65.84375
60.53125
54.34375
70.40625
67.15625
47.78125
49.6875
57.53125
51.3125
63.9375
52.34375
76.1875
58.25
51.75
54.1875
57.40625
68.15625
58.9375
63.6875
49.65625
64.75
76.8125
56.125
61.0625
52.375
44.34375
56.875
51.3125
50.3125
65.75
53.09375
55.34375
50.8125
59.875
59.78125
68.1875
60.6875
52.3125
73.0
60.75
66.96875
74.5
53.6875
47.78125
71.90625
53.5625
51.15625
51.125
66.15625
58.125
52.3125
46.5625
53.5625
61.28125
52.125
59.71875
56.375
64.96875
70.71875
45.90625
50.78125
56.84375
64.40625
50.28125
59.6875
59.75
64.75
61.78125
53.65625
48.9375
61.8125
59.84375
58.0625
64.28125
60.40625
71.375
72.46875
40.0
52.8125
47.71875
57.15625
61.65625
55.0625
56.625
47.5625
39.21875
64.21875
61.53125
71.6875
56.28125
48.3125
51.40625
46.34375
52.375
57.0625
74.25
70.625
56.0625
57.25
67.0
53.25
62.34375
56.625
57.3125
60.875
66.65625
71.78125
63.96875
67.59375
47.5
51.3125
42.71875
52.0625
66.65625
40.8125
61.9375
65.34375
54.1875
53.65625
52.9375
63.3125
47.96875
56.28125
63.34375
49.03125
53.53125
54.5
60.65625
54.0
82.5
52.5625
63.5625
53.375
55.53125
58.3125
83.84375
55.375
52.8125
55.46875
45.96875
58.96875
52.375
62.6875
62.28125
59.71875
61.625
68.40625
66.28125
66.0625
59.125
54.34375
58.96875
66.1875
63.59375
51.46875
61.5
65.0625
66.5625
52.03125
57.3125
68.8125
60.8125
47.9375
52.5
45.21875
65.0
64.71875
54.65625
68.59375
65.5625
53.0
53.28125
54.5625
69.4375
49.15625
48.125
73.875
59.78125
56.875
49.78125
50.5625
62.09375
61.15625
53.78125
60.28125
60.28125
47.0
69.65625
64.21875
53.9375
47.59375
55.1875
67.21875
56.71875
56.9375
65.4375
63.625
44.96875
55.4375
55.0625
58.4375
51.375
61.0
68.78125
65.65625
63.09375
56.21875
76.71875
58.34375
66.375
68.71875
48.71875
60.3125
65.375
64.96875
64.9375
49.46875
54.09375
67.28125
59.90625
58.9375
47.59375
64.59375
58.78125
55.125
56.46875
52.25
63.125
62.25
50.75
66.65625
60.5625
72.875
67.03125
51.0
69.78125
55.03125
69.09375
49.90625
57.1875
64.0
54.71875
63.65625
66.53125
52.53125
55.15625
52.71875
46.1875
55.46875
50.6875
58.875
54.21875
57.40625
53.03125
54.78125
57.15625
52.1875
57.125
52.65625
51.0
58.4375
69.125
43.5
66.8125
79.21875
59.625
63.21875
76.5
57.65625
63.5
57.4375
63.5625
40.53125
55.5
60.375
68.34375
70.71875
66.03125
60.71875
50.40625
52.625
57.625
55.40625
50.5625
64.25
68.21875
50.71875
51.21875
49.125
62.46875
50.90625
61.65625
47.40625
64.125
60.59375
52.25
45.59375
68.375
51.3125
56.96875
55.4375
58.1875
71.3125
45.625
54.0
70.6875
49.125
61.0
68.34375
50.125
61.5625
48.375
41.84375
39.34375
59.4375
56.09375
51.875
66.59375
58.625
49.71875
54.90625
61.625
58.03125
70.0625
59.34375
41.34375
63.40625
49.78125
61.40625
56.6875
57.0
55.65625
47.53125
72.75
49.3125
52.375
62.0
77.84375
51.4375
55.71875
45.21875
60.625
61.5625
59.5
57.6875
76.75
51.4375
57.21875
58.15625
62.28125
57.65625
66.125
61.8125
65.4375
79.65625
70.34375
57.0625
58.0625
57.96875
65.75
48.65625
54.40625
70.4375
67.125
57.625
50.21875
61.3125
67.8125
64.21875
63.3125
57.0625
59.8125
59.8125
73.1875
49.46875
56.40625
49.96875
50.09375
64.09375
55.65625
57.53125
56.59375
60.90625
61.875
55.34375
56.5
56.875
55.46875
61.875
60.75
55.21875
49.96875
67.3125
45.25
58.0625
59.625
58.40625
46.15625
57.1875
75.15625
68.5625
62.90625
57.6875
53.46875
59.40625
51.09375
57.4375
50.40625
56.5
52.71875
44.8125
58.6875
71.78125
49.625
70.90625
72.75
60.8125
48.90625
50.25
66.75
58.90625
59.0
63.84375
54.5625
68.125
45.65625
58.375
71.3125
55.71875
52.46875
62.09375
54.625
48.25
65.90625
54.3125
66.5625
61.28125
61.375
63.8125
57.28125
68.25
44.59375
50.65625
60.75
60.9375
53.9375
54.75
60.65625
67.8125
69.21875
67.34375
45.75
53.6875
62.78125
54.40625
58.4375
56.34375
40.84375
52.15625
56.84375
40.9375
56.71875
53.03125
54.78125
63.375
54.0
61.71875
68.0625
49.4375
55.6875
48.53125
50.03125
52.75
61.625
51.6875
60.5
55.25
55.34375
63.34375
47.0
67.4375
43.875
69.9375
68.1875
61.0
54.0
63.375
53.90625
47.84375
59.625
62.84375
66.75
50.3125
72.1875
63.0625
69.15625
54.9375
69.21875
65.65625
53.5
63.25
58.8125
73.40625
52.4375
53.53125
61.15625
67.09375
63.25
53.125
49.65625
74.78125
53.40625
57.34375
58.46875
58.125
65.21875
54.75
60.46875
62.84375
66.0
54.78125
58.90625
59.0625
48.3125
76.0
55.03125
47.6875
46.625
52.8125
68.09375
51.59375
64.75
69.75
68.90625
72.5625
59.84375
53.78125
42.875
60.0625
45.96875
64.34375
60.5
58.375
61.40625
59.59375
48.625
38.4375
67.9375
48.8125
73.75
61.90625
61.46875
56.71875
59.90625
60.21875
47.5
62.25
53.6875
54.6875
63.3125
51.84375
70.0625
51.03125
67.28125
65.4375
56.78125
63.375
54.71875
64.4375
64.09375
67.875
58.6875
57.5
49.125
56.28125
44.90625
56.96875
60.375
60.75
62.21875
55.4375
50.46875
73.03125
55.65625
50.59375
40.125
67.78125
54.28125
59.46875
47.8125
60.28125
64.21875
70.03125
69.28125
69.0
55.5625
53.40625
55.875
53.46875
62.25
47.46875
66.125
59.6875
52.75
61.5625
53.71875
50.15625
62.53125
59.75
49.625
59.625
57.03125
56.15625
74.8125
60.71875
57.5625
58.875
58.53125
74.21875
50.03125
62.9375
55.28125
61.09375
58.78125
58.0625
64.53125
57.4375
71.3125
57.96875
41.53125
59.0625
55.15625
52.0
61.8125
61.9375
56.4375
59.4375
65.78125
56.34375
45.28125
52.9375
53.6875
61.65625
63.4375
40.375
59.1875
63.90625
55.375
53.75
60.9375
54.25
58.40625
55.40625
55.65625
63.625
58.875
65.78125
59.28125
58.71875
63.03125
54.59375
56.5
56.125
54.03125
48.84375
47.8125
60.53125
56.5
64.6875
71.90625
62.21875
47.8125
49.78125
58.0
68.71875
51.5
62.5
62.8125
59.875
64.84375
75.28125
47.84375
66.34375
57.375
72.53125
68.03125
32.46875
53.46875
68.125
68.0
76.40625
58.59375
77.6875
57.84375
69.8125
53.8125
75.4375
43.4375
58.125
48.09375
51.75
55.65625
52.8125
54.6875
55.8125
55.4375
40.65625
45.375
49.84375
51.25
50.65625
52.0625
59.9375
59.71875
56.5
46.90625
56.625
63.53125
59.09375
53.53125
55.0
45.78125
56.1875
46.1875
50.15625
67.15625
64.21875
63.1875
56.09375
60.875
59.125
68.40625
64.625
70.4375
42.90625
60.1875
64.96875
78.09375
71.15625
56.8125
62.3125
49.59375
51.1875
48.96875
54.40625
62.5
57.46875
61.96875
62.28125
62.1875
52.03125
54.78125
66.09375
63.09375
63.1875
59.28125
68.0
59.3125
58.3125
63.84375
65.5625
57.28125
56.5625
56.9375
45.65625
56.59375
46.96875
61.9375
57.15625
51.34375
66.0
53.46875
56.21875
64.46875
49.40625
59.65625
72.9375
52.65625
50.09375
58.25
62.8125
65.1875
51.625
60.375
56.0
51.90625
53.46875
67.375
67.75
63.125
59.53125
55.96875
68.28125
54.59375
60.0
63.25
62.125
68.0
52.84375
64.96875
44.40625
57.8125
74.75
50.96875
48.0
51.71875
59.5
62.34375
55.875
72.59375
52.46875
60.375
56.25
44.6875
64.5625
77.0625
62.28125
65.71875
42.875
49.15625
58.6875
67.40625
64.0625
55.6875
63.4375
53.21875
54.40625
38.5625
54.15625
55.0625
64.78125
63.5
45.65625
62.3125
72.34375
47.75
57.625
67.625
65.3125
64.65625
50.8125
58.59375
59.0
64.34375
59.28125
58.0625
59.4375
64.5625
46.96875
51.3125
65.0625
66.21875
46.3125
74.03125
55.5625
61.09375
48.5
54.1875
71.96875
52.1875
46.4375
60.6875
57.6875
71.71875
50.3125
59.6875
62.90625
63.375
55.09375
61.34375
59.03125
63.25
55.875
54.40625
61.125
63.34375
65.71875
43.8125
52.28125
61.40625
57.21875
51.75
67.5
48.25
49.125
49.25
72.3125
53.25
57.3125
48.875
40.1875
53.75
56.3125
63.25
61.96875
50.625
59.03125
53.0
56.8125
69.15625
65.34375
45.03125
73.21875
69.625
62.5
71.34375
47.59375
65.40625
67.09375
54.5
59.875
56.78125
74.1875
50.3125
61.03125
75.21875
52.40625
53.09375
38.625
70.28125
48.9375
67.96875
49.75
59.59375
53.1875
55.9375
57.625
54.75
60.53125
59.25
56.34375
47.6875
68.3125
64.6875
59.53125
58.65625
51.3125
44.90625
43.21875
59.0
59.40625
68.96875
52.25
70.375
60.6875
47.59375
50.125
61.8125
79.09375
50.0625
58.46875
65.84375
58.65625
56.6875
70.96875
46.78125
66.6875
66.1875
57.65625
73.09375
53.21875
57.5625
63.3125
59.125
65.125
45.71875
58.125
49.96875
65.15625
65.5625
48.875
49.90625
49.40625
56.0625
48.53125
54.9375
69.0625
71.625
62.28125
60.71875
63.90625
77.03125
74.375
54.3125
46.09375
75.0625
64.0625
69.3125
61.71875
56.96875
61.40625
66.0
55.6875
38.875
48.71875
67.5
51.34375
51.0
59.4375
49.9375
59.6875
63.9375
63.53125
58.40625
53.09375
53.71875
43.125
52.625
62.0
61.0625
68.6875
58.59375
59.40625
62.09375
53.875
52.0
62.875
56.03125
47.03125
61.6875
43.5625
73.53125
69.78125
72.40625
52.25
61.1875
69.4375
58.125
52.4375
49.03125
52.03125
53.125
54.375
63.9375
57.875
72.4375
45.625
56.09375
64.5625
45.46875
49.875
58.8125
59.09375
59.78125
61.6875
53.9375
56.5
53.6875
52.84375
58.53125
51.65625
57.15625
61.28125
54.5625
58.71875
73.96875
62.8125
64.25
59.03125
56.6875
49.53125
60.84375
47.9375
55.4375
57.46875
62.4375
48.625
61.9375
67.9375
54.375
66.53125
69.375
58.96875
57.3125
49.5
56.0625
66.4375
68.78125
66.28125
53.78125
73.84375
62.21875
56.0625
52.53125
57.5
49.46875
67.25
54.78125
59.03125
53.96875
57.65625
60.125
59.34375
53.5
62.5625
53.90625
66.1875
69.21875
70.0
49.625
52.5625
61.21875
64.28125
54.59375
47.1875
51.65625
51.5
51.59375
64.40625
51.25
52.0
56.75
57.03125
65.6875
52.34375
55.125
43.1875
76.90625
71.25
43.21875
52.5625
60.84375
67.375
63.5625
57.0625
55.03125
56.78125
62.0
52.1875
49.375
64.03125
68.84375
62.34375
69.09375
68.28125
60.21875
59.46875
63.78125
51.15625
55.4375
45.875
63.65625
41.1875
50.78125
57.5625
59.09375
51.625
69.96875
49.875
61.28125
60.90625
64.65625
61.25
59.25
48.59375
59.125
56.34375
72.6875
53.09375
57.3125
48.4375
55.78125
61.3125
67.6875
57.5
57.6875
55.0
66.90625
58.0
62.5
58.6875
57.40625
62.46875
68.375
64.5625
54.40625
59.375
58.21875
53.09375
60.84375
58.71875
42.03125
65.1875
57.03125
48.5625
62.21875
64.375
66.90625
62.1875
54.59375
56.375
58.96875
47.28125
67.84375
40.46875
57.6875
56.6875
52.21875
57.5625
56.40625
66.1875
67.0
63.34375
62.9375
70.21875
55.53125
61.96875
45.90625
50.5
50.15625
50.6875
47.40625
63.1875
56.625
60.65625
58.03125
70.375
56.78125
60.40625
65.96875
69.6875
44.9375
47.65625
66.6875
72.53125
53.8125
63.90625
59.53125
62.03125
56.0
45.25
78.0
62.46875
46.40625
49.5
64.84375
59.78125
59.84375
53.625
58.1875
56.09375
62.34375
55.84375
54.5625
61.3125
66.9375
59.40625
59.0
48.0
53.53125
51.34375
76.78125
50.1875
54.0
68.625
66.15625
51.96875
61.25
65.75
76.875
70.0625
70.96875
60.5
51.03125
48.5625
60.0625
61.46875
57.4375
57.9375
47.125
61.1875
62.9375
56.0625
65.0
54.125
46.875
54.4375
64.03125
51.625
59.375
48.3125
56.25
47.46875
57.1875
60.5
45.125
61.3125
79.4375
57.90625
58.25
64.09375
49.9375
43.15625
43.5
69.28125
65.75
53.875
70.375
70.21875
62.3125
52.59375
62.0625
48.46875
58.46875
58.53125
61.8125
59.28125
57.40625
55.40625
55.5
50.15625
57.1875
80.875
60.5625
43.65625
67.625
74.28125
50.65625
60.8125
62.90625
46.1875
62.25
67.9375
59.15625
54.375
70.5
66.5625
60.03125
48.84375
37.03125
45.59375
65.15625
64.53125
74.09375
48.875
60.6875
58.1875
54.3125
58.53125
64.125
55.03125
45.375
45.90625
48.90625
60.3125
69.96875
49.09375
70.09375
68.5
52.59375
47.9375
44.84375
64.1875
66.59375
57.125
60.28125
67.40625
56.5625
63.21875
43.84375
73.1875
54.5625
57.1875
72.0625
65.5625
53.40625
56.03125
60.90625
58.96875
53.5625
59.03125
58.25
57.5
54.03125
59.90625
54.25
65.65625
55.84375
74.15625
58.71875
51.5625
60.15625
57.125
53.125
70.59375
60.96875
55.9375
59.78125
51.4375
65.25
63.71875
45.125
62.5
50.15625
68.4375
49.5625
69.09375
51.8125
51.0
45.46875
50.4375
52.46875
47.6875
65.28125
59.40625
64.46875
69.5
62.6875
58.875
54.59375
62.8125
65.125
53.8125
65.0
57.21875
54.9375
65.6875
75.46875
52.375
48.8125
73.75
67.6875
51.3125
58.875
63.21875
48.4375
63.15625
59.6875
62.375
76.125
70.03125
50.3125
51.90625
67.34375
67.375
53.375
52.75
46.6875
52.53125
58.21875
64.03125
59.625
63.46875
58.59375
48.46875
49.5625
65.46875
51.625
60.59375
79.5
55.21875
56.6875
63.15625
52.34375
43.09375
45.40625
48.96875
50.375
44.15625
56.34375
62.21875
49.96875
54.75
70.0625
51.28125
76.15625
63.46875
57.1875
57.53125
49.0625
52.09375
46.34375
55.875
55.875
77.03125
66.3125
56.15625
63.6875
56.96875
51.53125
51.875
72.75
56.71875
46.78125
53.6875
67.40625
51.96875
62.1875
67.1875
55.5
59.875
66.21875
53.0
61.46875
50.9375
63.09375
56.03125
54.96875
60.71875
41.21875
55.28125
70.71875
60.6875
58.96875
59.96875
66.4375
60.59375
60.65625
66.875
53.71875
68.5625
52.90625
48.6875
66.84375
67.375
58.75
64.375
64.78125
65.15625
71.03125
74.21875
66.40625
41.5
63.59375
55.125
53.78125
72.625
52.9375
54.90625
61.1875
57.875
67.9375
56.75
52.875
61.4375
53.21875
52.40625
62.03125
63.5
61.21875
54.5625
66.25
43.0625
40.625
42.875
47.96875
65.8125
63.34375
47.84375
47.21875
60.34375
56.625
59.375
51.125
56.5625
73.40625
55.625
53.40625
56.5
44.1875
61.53125
72.1875
77.34375
70.625
63.40625
55.8125
59.6875
53.375
62.59375
70.40625
58.84375
60.3125
53.34375
53.125
46.65625
54.5
52.375
47.0
50.8125
60.96875
50.0625
68.78125
50.875
64.46875
64.84375
59.9375
54.4375
65.375
61.375
54.5
60.09375
57.28125
56.90625
59.28125
62.0
61.71875
60.34375
53.90625
82.875
55.0
51.375
55.90625
60.0625
45.46875
51.84375
64.1875
54.46875
43.84375
58.8125
44.90625
48.75
64.375
55.53125
59.1875
60.9375
64.625
57.03125
65.65625
47.34375
65.875
62.6875
77.875
69.84375
71.5625
50.28125
55.4375
61.34375
64.84375
54.84375
63.0625
47.125
48.84375
50.5
66.40625
59.46875
49.3125
59.5
46.5625
57.375
55.78125
52.9375
66.9375
53.4375
62.625
56.0
58.15625
60.4375
42.9375
56.15625
60.9375
63.25
76.65625
53.71875
61.1875
54.15625
62.25
57.5
52.59375
63.09375
66.96875
51.71875
49.90625
76.1875
46.09375
62.21875
72.59375
63.15625
59.03125
59.6875
47.40625
51.875
53.59375
51.0
57.90625
59.9375
43.5
63.75
66.0625
48.90625
58.625
69.96875
51.5625
78.375
63.15625
49.6875
53.6875
68.78125
65.59375
46.90625
50.75
45.5
58.53125
55.09375
51.78125
56.1875
64.28125
62.75
59.40625
50.875
52.9375
60.3125
69.46875
54.71875
59.21875
64.09375
73.9375
58.21875
54.1875
56.90625
67.90625
54.34375
63.9375
50.53125
59.3125
60.875
51.8125
57.5625
71.1875
71.78125
61.5625
52.03125
53.40625
61.78125
72.78125
69.3125
62.5625
60.21875
61.625
49.34375
57.34375
64.28125
48.84375
54.34375
76.4375
65.84375
51.0
63.0
75.0625
50.65625
59.9375
57.375
56.78125
51.3125
49.40625
49.53125
49.65625
56.25
44.40625
56.78125
48.15625
59.625
51.71875
61.53125
59.96875
57.6875
53.28125
57.125
66.84375
66.15625
64.03125
68.40625
66.34375
55.5
60.90625
54.53125
47.0625
50.71875
43.3125
63.28125
53.78125
64.8125
52.25
56.96875
57.875
59.625
49.40625
55.59375
47.0
57.71875
53.5625
56.21875
51.875
67.875
58.0
52.125
50.78125
53.875
62.84375
67.34375
59.34375
70.5
70.375
50.09375
66.9375
55.4375
54.90625
71.46875
80.40625
51.78125
59.53125
69.28125
51.25
40.375
53.28125
63.53125
60.53125
59.34375
67.375
47.9375
51.1875
60.25
50.21875
63.625
51.40625
59.25
66.9375
60.53125
64.09375
62.375
55.40625
70.875
68.71875
58.34375
82.9375
55.21875
55.59375
73.46875
69.0
52.03125
54.90625
62.46875
55.375
60.75
51.46875
50.125
54.34375
54.9375
65.0625
44.125
45.875
45.96875
45.75
49.46875
59.40625
60.21875
70.78125
61.65625
63.625
46.75
60.75
56.875
59.125
52.6875
69.25
55.90625
73.46875
54.65625
56.25
51.46875
51.96875
62.96875
53.40625
60.5625
53.03125
65.21875
62.8125
64.9375
66.53125
47.40625
55.65625
49.34375
58.34375
52.46875
68.5625
67.375
53.46875
63.78125
49.96875
60.375
51.71875
49.5
54.90625
55.5625
58.65625
50.9375
51.78125
62.03125
74.53125
69.96875
72.03125
58.6875
54.8125
50.6875
55.84375
67.375
55.46875
61.21875
63.75
62.40625
58.59375
62.78125
55.3125
52.1875
52.0625
60.15625
57.65625
65.3125
52.65625
58.5
52.8125
62.5
51.40625
66.9375
62.40625
53.09375
47.34375
50.46875
56.21875
56.8125
63.875
65.5
68.84375
62.0625
54.90625
67.0625
44.5625
65.15625
60.84375
65.90625
79.46875
51.71875
58.15625
59.125
57.6875
51.21875
64.90625
58.4375
63.4375
47.75
53.1875
59.875
70.96875
58.09375
46.65625
59.4375
54.8125
71.09375
55.96875
48.625
67.9375
64.9375
59.34375
43.8125
65.59375
46.34375
56.40625
62.78125
49.25
56.25
52.59375
72.09375
73.1875
60.9375
51.25
45.5625
66.28125
53.96875
50.6875
53.21875
66.875
67.78125
55.53125
54.625
55.40625
44.125
65.46875
50.96875
70.875
51.71875
49.84375
57.40625
74.78125
63.625
65.65625
63.375
63.46875
66.125
70.6875
44.21875
47.3125
69.875
71.3125
50.90625
51.40625
55.71875
60.375
67.78125
53.8125
70.3125
48.46875
54.03125
58.625
61.71875
46.1875
45.875
61.9375
41.78125
57.96875
58.53125
80.5625
65.09375
42.9375
55.6875
53.6875
65.71875
65.375
47.09375
61.8125
61.125
50.4375
49.6875
63.40625
69.0625
68.3125
54.375
68.34375
55.0625
62.90625
69.875
55.5625
64.15625
57.8125
79.46875
53.8125
52.46875
60.5
54.125
54.875
48.625
45.0625
65.28125
61.03125
63.03125
50.90625
52.15625
45.9375
51.78125
55.65625
62.75
51.25
63.59375
51.28125
64.96875
45.6875
59.9375
48.71875
57.28125
74.21875
65.21875
56.53125
66.46875
74.875
55.78125
50.8125
43.53125
59.21875
51.0625
65.375
61.0625
56.1875
58.21875
51.0625
68.84375
60.46875
61.34375
63.0
57.9375
44.03125
66.28125
60.25
51.21875
58.34375
56.375
60.9375
71.375
68.53125
69.1875
57.78125
78.6875
55.40625
59.125
29.96875
45.40625
71.375
60.28125
62.53125
61.09375
61.25
55.4375
65.40625
47.78125
59.25
50.3125
45.59375
55.84375
60.78125
60.65625
44.59375
54.8125
52.3125
58.9375
55.03125
60.15625
71.09375
69.78125
57.5625
49.9375
74.34375
63.59375
52.625
63.09375
51.6875
62.75
55.25
48.34375
59.0
43.4375
61.53125
55.40625
57.96875
50.65625
54.59375
58.28125
70.5625
57.96875
64.0
59.78125
60.46875
50.75
68.78125
57.59375
49.53125
56.46875
54.46875
73.375
68.8125
53.375
58.0625
50.78125
63.84375
56.71875
61.3125
63.15625
59.34375
44.90625
74.5
56.03125
45.84375
51.0625
58.0
68.40625
54.6875
58.59375
53.0625
59.1875
56.875
59.96875
69.625
59.9375
56.34375
58.125
64.40625
49.1875
70.21875
47.625
63.9375
49.09375
67.0625
51.0625
47.71875
59.15625
59.25
47.15625
55.65625
58.53125
52.15625
63.15625
59.3125
71.71875
57.8125
57.25
49.4375
59.71875
52.59375
69.78125
58.625
61.96875
57.84375
64.3125
61.53125
38.09375
66.375
58.9375
82.71875
57.71875
57.34375
60.71875
45.28125
54.5
57.15625
69.8125
54.875
55.6875
65.71875
71.90625
55.75
49.0
68.9375
60.6875
64.375
69.90625
49.875
76.125
53.375
55.59375
52.53125
51.6875
58.375
61.8125
57.15625
52.90625
70.5
51.75
53.1875
61.3125
61.34375
46.40625
47.5
53.9375
77.0625
60.71875
59.84375
48.6875
57.78125
51.875
54.9375
49.625
55.34375
65.0
66.65625
68.59375
71.125
47.40625
60.71875
58.90625
55.875
49.875
50.90625
61.6875
58.0625
65.8125
61.5
58.625
68.21875
67.90625
53.3125
60.78125
57.71875
64.46875
70.65625
58.8125
55.96875
54.65625
53.59375
67.15625
52.03125
57.5625
47.9375
57.25
59.625
70.34375
44.71875
58.0625
46.09375
57.3125
48.09375
58.59375
52.0625
40.84375
62.125
64.3125
58.5625
59.0
58.5625
75.21875
68.0625
48.46875
56.53125
59.21875
59.40625
65.25
53.1875
63.96875
65.4375
56.84375
55.40625
59.25
45.625
58.03125
50.5
49.78125
73.5625
82.5
47.625
65.8125
44.8125
54.0625
41.1875
56.1875
64.3125
57.1875
61.375
62.125
51.3125
62.625
58.96875
57.34375
49.875
66.15625
63.84375
63.78125
47.90625
52.84375
55.71875
63.28125
56.84375
63.15625
47.65625
63.53125
47.75
35.0
70.1875
57.96875
55.3125
67.65625
70.78125
62.4375
61.71875
57.5625
52.09375
58.78125
64.9375
47.125
48.5625
78.875
61.46875
61.1875
68.46875
49.71875
56.875
64.28125
61.59375
74.46875
71.84375
53.4375
51.9375
62.65625
55.65625
50.53125
66.5625
54.9375
60.3125
63.53125
54.375
49.15625
52.875
47.875
54.96875
42.28125
64.53125
52.625
55.5
61.15625
59.0625
61.25
62.46875
69.78125
57.78125
76.21875
62.15625
56.6875
46.1875
57.625
65.46875
65.3125
50.875
63.84375
80.0
64.34375
58.71875
66.875
51.3125
55.15625
48.28125
52.1875
57.625
50.40625
43.5625
55.0625
49.21875
61.15625
53.15625
56.34375
67.03125
62.125
66.28125
63.90625
53.4375
56.75
51.15625
65.59375
58.53125
44.1875
55.59375
62.9375
63.8125
42.5
58.21875
50.75
53.9375
67.0
63.125
61.8125
43.84375
56.6875
72.125
59.59375
63.03125
68.5
54.5625
49.15625
66.84375
61.53125
65.90625
59.4375
51.0
50.125
63.53125
50.96875
59.375
62.3125
53.5
51.3125
54.4375
63.8125
55.4375
58.0
82.09375
50.84375
53.71875
50.03125
68.8125
58.25
52.96875
57.5625
56.71875
67.0
57.59375
49.5625
69.90625
64.28125
48.90625
47.125
65.625
61.59375
62.4375
76.1875
51.25
52.0625
62.53125
65.15625
57.28125
66.4375
56.53125
67.71875
65.375
59.25
62.5
50.125
76.125
57.46875
54.09375
47.96875
48.09375
53.40625
55.875
47.34375
56.53125
60.15625
64.1875
57.28125
63.125
68.03125
60.78125
62.1875
51.4375
47.75
55.9375
48.375
61.34375
51.90625
58.0625
57.875
54.0625
55.59375
54.25
73.28125
56.15625
51.34375
53.40625
57.28125
46.75
67.53125
50.625
59.34375
61.53125
52.65625
55.625
43.71875
81.25
37.75
47.4375
68.375
63.75
56.15625
58.53125
55.15625
57.03125
63.875
58.71875
81.3125
63.53125
50.53125
72.40625
63.65625
49.84375
58.71875
66.6875
60.625
67.1875
72.15625
61.3125
59.03125
54.53125
55.34375
54.9375
57.96875
56.34375
62.53125
57.21875
69.53125
53.09375
77.28125
73.71875
51.0625
50.5
73.09375
64.03125
58.5625
48.0
53.8125
53.71875
48.0
61.375
51.6875
66.5
55.34375
47.75
64.03125
58.1875
60.125
48.875
62.375
59.78125
65.03125
56.6875
54.5625
53.8125
66.4375
62.6875
37.09375
60.75
66.1875
66.4375
60.25
56.0
62.28125
74.65625
58.625
50.4375
58.3125
52.46875
55.75
56.375
56.1875
45.4375
51.46875
65.0
63.5625
50.71875
44.1875
59.875
65.46875
70.21875
64.03125
53.90625
55.78125
52.0625
57.8125
54.375
51.375
52.0625
70.5
59.25
54.96875
53.59375
62.0
69.78125
68.3125
61.75
57.1875
60.90625
54.8125
61.125
45.40625
77.75
48.6875
63.6875
58.25
43.3125
67.75
59.96875
61.21875
60.09375
61.90625
78.15625
48.4375
64.0
66.53125
34.125
66.0
57.5
57.15625
52.40625
62.21875
51.03125
55.90625
50.9375
73.28125
54.90625
55.5
55.09375
57.1875
53.46875
64.3125
55.0625
48.40625
67.34375
54.15625
52.71875
65.78125
56.96875
50.0
55.46875
73.71875
50.9375
42.6875
68.09375
57.875
62.84375
71.6875
59.53125
49.96875
59.34375
60.21875
64.0
64.5
59.59375
55.375
65.3125
60.25
61.09375
56.5
62.96875
52.96875
52.4375
62.09375
58.4375
58.5625
47.90625
65.4375
58.59375
58.5625
56.59375
51.90625
48.3125
61.8125
66.0625
61.125
70.5
47.125
53.0625
53.21875
52.4375
65.9375
56.59375
53.875
57.375
54.4375
45.34375
67.96875
48.21875
64.53125
50.9375
52.0
54.0
74.03125
53.6875
57.09375
58.34375
66.5625
49.8125
60.46875
61.96875
61.09375
66.3125
60.0625
74.09375
42.875
51.1875
57.34375
81.6875
50.34375
76.125
55.25
62.0625
64.21875
39.96875
69.625
54.6875
48.125
62.0625
57.46875
59.4375
53.8125
56.71875
67.15625
55.0625
57.125
69.21875
70.09375
62.9375
57.6875
67.9375
49.1875
47.84375
65.8125
56.15625
51.09375
61.40625
58.09375
57.5625
59.03125
45.875
62.0625
63.15625
56.1875
57.03125
56.09375
43.875
72.875
63.15625
58.34375
70.59375
61.375
63.28125
61.03125
55.28125
55.6875
79.5
58.21875
58.3125
60.5625
51.25
51.9375
46.75
61.625
72.15625
56.59375
53.96875
37.4375
56.75
56.40625
65.625
52.15625
58.78125
50.09375
54.15625
63.0625
49.75
56.53125
80.15625
64.4375
58.09375
55.9375
63.78125
67.78125
50.5
43.875
50.40625
58.125
54.6875
47.5625
59.90625
61.21875
53.03125
57.40625
51.5
56.78125
57.4375
71.21875
68.1875
61.25
66.28125
70.84375
49.5
54.96875
49.15625
55.6875
57.78125
59.0625
51.375
61.59375
64.125
45.96875
51.34375
62.8125
63.71875
61.3125
55.96875
74.75
60.3125
51.34375
50.21875
65.78125
53.90625
59.0625
61.125
58.03125
54.0625
55.875
59.28125
47.375
56.53125
50.3125
66.375
47.28125
60.875
64.5
62.65625
62.4375
61.65625
59.875
66.5
66.125
55.59375
60.15625
49.71875
58.96875
54.59375
53.125
67.71875
57.125
59.15625
63.625
50.5
52.15625
53.0
65.3125
65.96875
59.0
57.90625
55.65625
61.78125
55.4375
62.8125
56.84375
54.46875
63.625
60.03125
46.71875
57.21875
56.78125
53.3125
68.8125
51.3125
66.25
68.9375
56.9375
76.34375
55.875
40.4375
72.3125
52.46875
49.46875
69.625
53.3125
56.5
62.40625
60.65625
52.71875
63.0625
40.375
64.375
56.03125
57.78125
55.59375
61.0625
56.46875
64.25
49.46875
57.5625
55.15625
69.4375
51.6875
65.46875
53.6875
51.0625
55.09375
67.125
64.90625
61.78125
80.59375
72.75
61.25
53.1875
48.1875
62.125
44.3125
57.75
54.84375
60.71875
55.875
52.03125
49.625
51.5625
76.84375
61.59375
49.0625
62.5625
57.71875
45.25
61.8125
59.4375
43.90625
60.46875
53.53125
70.9375
61.5625
67.71875
55.15625
66.53125
65.90625
53.28125
70.03125
57.0625
46.34375
64.0625
56.09375
50.21875
52.625
62.09375
62.90625
57.34375
58.0625
54.6875
74.25
55.21875
68.6875
54.5625
59.4375
59.96875
52.78125
57.03125
45.625
63.71875
52.0
73.375
52.53125
57.53125
56.53125
69.25
66.125
59.3125
49.28125
62.28125
53.1875
53.65625
71.65625
57.46875
60.75
51.65625
58.375
63.21875
59.15625
49.34375
74.90625
52.875
58.59375
59.3125
55.53125
45.84375
58.46875
59.65625
59.5
65.53125
45.15625
71.25
63.4375
49.9375
52.0
59.5
50.15625
54.65625
57.3125
67.09375
62.5
55.625
66.8125
62.78125
61.84375
56.09375
69.6875
62.8125
62.78125
72.375
51.46875
59.1875
59.53125
57.5625
47.4375
42.28125
60.84375
56.09375
55.53125
58.53125
58.59375
50.25
44.71875
63.03125
65.34375
56.0625
46.4375
66.53125
42.53125
69.46875
54.09375
66.65625
45.375
59.53125
59.6875
65.4375
60.34375
39.9375
51.71875
57.5
64.46875
62.875
52.875
57.15625
48.59375
79.0625
57.40625
56.28125
54.25
48.34375
69.15625
60.59375
67.21875
54.4375
49.3125
52.53125
62.46875
55.46875
60.6875
59.15625
56.3125
50.875
61.34375
52.8125
51.75
68.75
67.46875
63.34375
69.25
63.6875
64.0625
66.53125
65.65625
60.6875
64.53125
62.5
44.0625
61.5
65.84375
67.875
66.25
51.5625
59.90625
61.21875
70.90625
69.46875
54.21875
50.0
71.96875
54.5625
66.75
70.78125
51.96875
52.53125
64.625
47.34375
60.0
63.15625
51.0625
43.34375
43.78125
66.6875
68.3125
59.46875
46.0625
62.34375
64.625
59.1875
55.875
64.65625
59.15625
49.90625
47.9375
52.53125
53.71875
54.46875
48.09375
57.65625
72.15625
45.8125
56.96875
59.28125
52.59375
62.53125
69.34375
51.5
62.4375
56.78125
59.09375
69.59375
62.5625
56.0
44.59375
71.15625
60.78125
41.5625
53.15625
64.46875
55.84375
80.21875
64.96875
69.21875
41.09375
63.4375
65.5625
60.46875
46.21875
45.96875
65.03125
58.625
43.5625
73.59375
48.78125
49.65625
57.375
58.53125
55.53125
44.96875
53.90625
58.40625
42.03125
59.40625
68.0
79.1875
58.1875
56.09375
68.40625
60.71875
56.84375
61.1875
62.875
50.28125
48.09375
51.625
57.34375
63.15625
51.5
59.96875
58.65625
60.21875
48.90625
54.28125
61.5625
59.90625
54.625
52.90625
60.8125
70.3125
39.59375
65.96875
61.09375
56.71875
41.40625
56.53125
55.0625
56.75
64.5625
54.1875
57.0
49.0625
64.40625
43.4375
42.0625
75.28125
57.78125
57.0
63.375
58.8125
57.0625
68.34375
59.6875
62.03125
63.15625
67.03125
76.75
68.125
64.25
53.125
62.71875
62.15625
56.09375
62.28125
64.0625
54.375
53.9375
53.96875
71.78125
67.28125
58.40625
52.34375
67.65625
64.34375
45.875
45.625
70.65625
45.96875
53.15625
55.09375
51.6875
64.34375
56.9375
64.09375
55.125
71.875
64.84375
46.25
51.84375
62.96875
66.78125
65.0
69.3125
56.0625
61.25
54.5
45.8125
63.75
57.09375
55.4375
51.65625
72.6875
65.375
61.1875
51.4375
65.25
54.625
51.15625
76.46875
44.375
56.5625
46.53125
60.125
56.625
56.5
57.90625
59.9375
69.46875
49.59375
55.6875
59.65625
53.53125
51.84375
49.4375
51.125
53.46875
62.0
56.09375
56.40625
64.84375
61.53125
56.40625
61.0
51.53125
57.8125
59.90625
64.59375
59.84375
73.8125
54.34375
55.96875
63.875
56.09375
68.25
56.59375
47.5625
58.21875
48.09375
76.9375
44.96875
58.84375
52.96875
53.28125
54.6875
56.6875
63.5
69.65625
59.4375
63.0
61.0
52.78125
53.21875
72.6875
61.1875
46.875
59.5625
57.4375
64.625
48.0
53.3125
64.03125
64.84375
59.5
56.0625
60.1875
49.65625
61.15625
48.75
69.84375
67.4375
62.5625
59.625
68.6875
51.8125
71.15625
47.8125
63.96875
60.3125
52.875
43.84375
50.3125
66.625
58.15625
64.09375
73.625
61.875
64.15625
61.6875
56.53125
55.65625
71.40625
42.6875
64.75
42.25
61.28125
61.53125
54.875
65.5
61.8125
55.75
47.9375
57.34375
51.3125
58.5
67.75
56.96875
42.59375
63.0625
51.09375
53.09375
63.5
79.53125
53.71875
66.25
76.5
58.96875
86.3125
59.75
56.0
51.6875
55.59375
61.53125
69.5
72.90625
51.5
70.46875
57.34375
59.9375
62.1875
52.03125
54.09375
49.375
71.90625
62.28125
59.125
53.5625
46.84375
64.59375
49.625
64.0625
45.3125
45.03125
44.6875
57.59375
57.25
60.3125
59.65625
56.46875
54.78125
55.3125
47.5625
55.875
56.59375
48.90625
